PRODUCTID=12
TOOL=350.215,-0.767,232.539,-89.841,89.729,89.842
HOME=40.635,24.616,104.715,-108.663,68.526,132.709
FRAME=1667.33,193.49,-170.67,0.01,-0.3,-52.34
OFFSET=0,0,0,0,0,0
TOTALTRAJS=1
OFFLINE=TRUE

12_1=BEGIN
BYPASS=FALSE
WORKPLACE=0,0
MOVEJ=0.246,0,50,180,0.014,90/40,40
MOVEL=0.246,0,0,180,0.014,90/30,4,0
MOVEL=-1.167,0.247,0.001,-179.986,-0.067,90/30,0.4089,0
MOVEL=-0.819,-1.148,0.001,179.934,-0.047,90/30,0.6071,0
MOVEL=0.321,-1.718,0.002,179.902,0.018,90/30,0.5506,0
MOVEL=1.55,-1.384,0.002,179.921,0.089,90/30,0.5759,0
MOVEL=2.214,-0.16,0.002,179.991,0.127,90/30,0.6598,0
MOVEL=2.032,1.027,0.003,-179.941,0.116,90/30,0.5773,0
MOVEL=1.067,2.225,0.003,-179.873,0.061,90/30,0.7218,0
MOVEL=-0.064,2.678,0.004,-179.847,-0.004,90/30,0.5508,0
MOVEL=-1.287,2.604,0.004,-179.851,-0.074,90/30,0.5378,0
MOVEL=-2.394,1.944,0.005,-179.889,-0.137,90/30,0.5561,0
MOVEL=-3.099,0.755,0.005,-179.957,-0.178,90/30,0.592,0
MOVEL=-3.151,-0.7,0.005,179.96,-0.181,90/30,0.6217,0
MOVEL=-2.585,-2.049,0.005,179.883,-0.148,90/30,0.627,0
MOVEL=-1.544,-3.101,0.006,179.822,-0.088,90/30,0.643,0
MOVEL=-0.332,-3.617,0.007,179.793,-0.019,90/30,0.5883,0
MOVEL=0.961,-3.669,0.007,179.79,0.055,90/30,0.6053,0
MOVEL=2.185,-3.29,0.008,179.811,0.125,90/30,0.6392,0
MOVEL=3.22,-2.515,0.008,179.856,0.184,90/30,0.6939,0
MOVEL=3.788,-1.713,0.009,179.902,0.217,90/30,0.5621,0
MOVEL=4.124,-0.729,0.009,179.958,0.236,90/30,0.6196,0
MOVEL=4.16,0.56,0.009,-179.968,0.238,90/30,0.7798,0
MOVEL=3.906,1.652,0.009,-179.905,0.224,90/30,0.6712,0
MOVEL=3.441,2.575,0.009,-179.852,0.197,90/30,0.603,0
MOVEL=2.414,3.678,0.01,-179.789,0.138,90/30,0.8356,0
MOVEL=1.558,4.208,0.01,-179.759,0.089,90/30,0.5278,0
MOVEL=0.622,4.55,0.011,-179.739,0.036,90/30,0.5015,0
MOVEL=-0.373,4.685,0.011,-179.732,-0.021,90/30,0.4882,0
MOVEL=-1.387,4.609,0.012,-179.736,-0.079,90/30,0.4807,0
MOVEL=-2.35,4.32,0.012,-179.752,-0.135,90/30,0.4658,0
MOVEL=-3.282,3.774,0.013,-179.784,-0.188,90/30,0.4939,0
MOVEL=-4.092,2.997,0.013,-179.828,-0.234,90/30,0.5097,0
MOVEL=-4.721,2.019,0.013,-179.884,-0.27,90/30,0.5263,0
MOVEL=-5.075,0.954,0.013,-179.945,-0.291,90/30,0.508,0
MOVEL=-5.181,-0.179,0.013,179.99,-0.297,90/30,0.5152,0
MOVEL=-5.044,-1.297,0.014,179.926,-0.289,90/30,0.5095,0
MOVEL=-4.658,-2.392,0.014,179.863,-0.267,90/30,0.525,0
MOVEL=-4.044,-3.403,0.014,179.805,-0.232,90/30,0.5361,0
MOVEL=-3.222,-4.285,0.014,179.754,-0.185,90/30,0.5507,0
MOVEL=-2.294,-4.95,0.015,179.716,-0.131,90/30,0.5293,0
MOVEL=-1.285,-5.402,0.015,179.69,-0.074,90/30,0.5268,0
MOVEL=-0.239,-5.639,0.016,179.677,-0.014,90/30,0.5317,0
MOVEL=0.801,-5.668,0.016,179.675,0.046,90/30,0.5425,0
MOVEL=1.836,-5.508,0.017,179.684,0.105,90/30,0.5812,0
MOVEL=2.82,-5.17,0.017,179.704,0.162,90/30,0.6224,0
MOVEL=3.727,-4.658,0.018,179.733,0.214,90/30,0.6786,0
MOVEL=4.536,-3.988,0.018,179.772,0.26,90/30,0.7516,0
MOVEL=5.204,-3.187,0.019,179.817,0.298,90/30,0.8199,0
MOVEL=5.721,-2.235,0.019,179.872,0.328,90/30,0.9259,0
MOVEL=6.05,-1.161,0.019,179.933,0.347,90/30,1.0268,0
MOVEL=6.162,0,0.019,180,0.353,90/30,1.1037,0
MOVEL=5.992,1.534,0.019,-179.912,0.343,90/30,1.4511,0
MOVEL=5.499,2.937,0.019,-179.832,0.315,90/30,1.3318,0
MOVEL=4.731,4.149,0.02,-179.762,0.271,90/30,1.1796,0
MOVEL=3.748,5.131,0.02,-179.706,0.215,90/30,1.0329,0
MOVEL=2.574,5.901,0.021,-179.662,0.147,90/30,0.9474,0
MOVEL=1.283,6.417,0.021,-179.632,0.074,90/30,0.8584,0
MOVEL=-0.093,6.654,0.022,-179.619,-0.005,90/30,0.7987,0
MOVEL=-1.505,6.596,0.023,-179.622,-0.086,90/30,0.7629,0
MOVEL=-2.89,6.226,0.024,-179.643,-0.166,90/30,0.7417,0
MOVEL=-4.245,5.501,0.024,-179.685,-0.243,90/30,0.7703,0
MOVEL=-5.421,4.47,0.025,-179.744,-0.311,90/30,0.7695,0
MOVEL=-6.338,3.162,0.025,-179.819,-0.363,90/30,0.7816,0
MOVEL=-6.909,1.693,0.025,-179.903,-0.396,90/30,0.7718,0
MOVEL=-7.133,0.122,0.025,-179.993,-0.409,90/30,0.7775,0
MOVEL=-7.004,-1.476,0.026,179.915,-0.401,90/30,0.7857,0
MOVEL=-6.538,-3.005,0.026,179.828,-0.375,90/30,0.7843,0
MOVEL=-5.803,-4.357,0.026,179.75,-0.332,90/30,0.7559,0
MOVEL=-4.849,-5.492,0.027,179.685,-0.278,90/30,0.7326,0
MOVEL=-3.741,-6.374,0.027,179.635,-0.214,90/30,0.7124,0
MOVEL=-2.48,-7.041,0.028,179.597,-0.142,90/30,0.7423,0
MOVEL=-1.131,-7.468,0.029,179.572,-0.065,90/30,0.7766,0
MOVEL=0.267,-7.636,0.029,179.562,0.015,90/30,0.8342,0
MOVEL=1.685,-7.553,0.03,179.567,0.097,90/30,0.9325,0
MOVEL=3.052,-7.219,0.031,179.586,0.175,90/30,1.0577,0
MOVEL=4.371,-6.607,0.031,179.621,0.25,90/30,1.2978,0
MOVEL=5.576,-5.721,0.032,179.672,0.319,90/30,1.6549,0
MOVEL=6.611,-4.58,0.032,179.738,0.379,90/30,2.2071,0
MOVEL=7.433,-3.175,0.033,179.818,0.426,90/30,3.1208,0
MOVEL=7.953,-1.615,0.033,179.907,0.456,90/30,4.2286,0
MOVEL=8.134,0,0.033,180,0.466,90/30,5.0869,0
MOVEL=8.081,0.98,0.033,-179.944,0.463,90/30,3.2098,0
MOVEL=7.92,1.951,0.033,-179.888,0.454,90/30,3.0149,0
MOVEL=7.652,2.894,0.033,-179.834,0.438,90/30,2.6427,0
MOVEL=7.301,3.742,0.034,-179.786,0.418,90/30,2.1399,0
MOVEL=6.859,4.549,0.034,-179.739,0.393,90/30,1.8395,0
MOVEL=6.334,5.301,0.034,-179.696,0.363,90/30,1.5695,0
MOVEL=5.093,6.575,0.035,-179.623,0.292,90/30,2.447,0
MOVEL=3.606,7.584,0.035,-179.565,0.207,90/30,1.9277,0
MOVEL=1.966,8.273,0.036,-179.526,0.113,90/30,1.5601,0
MOVEL=1.096,8.487,0.037,-179.514,0.063,90/30,0.6972,0
MOVEL=0.206,8.611,0.037,-179.507,0.012,90/30,0.6525,0
MOVEL=-0.69,8.642,0.038,-179.505,-0.04,90/30,0.6124,0
MOVEL=-1.609,8.573,0.038,-179.509,-0.092,90/30,0.5987,0
MOVEL=-2.519,8.404,0.038,-179.518,-0.144,90/30,0.5751,0
MOVEL=-3.402,8.138,0.039,-179.534,-0.195,90/30,0.5514,0
MOVEL=-4.311,7.745,0.039,-179.556,-0.247,90/30,0.5734,0
MOVEL=-5.173,7.25,0.04,-179.585,-0.296,90/30,0.5595,0
MOVEL=-5.972,6.664,0.04,-179.618,-0.342,90/30,0.5462,0
MOVEL=-6.71,5.978,0.04,-179.657,-0.384,90/30,0.5477,0
MOVEL=-7.364,5.207,0.041,-179.702,-0.422,90/30,0.5447,0
MOVEL=-7.921,4.367,0.041,-179.75,-0.454,90/30,0.5412,0
MOVEL=-8.37,3.477,0.041,-179.801,-0.48,90/30,0.5337,0
MOVEL=-8.717,2.539,0.041,-179.855,-0.499,90/30,0.535,0
MOVEL=-8.957,1.571,0.041,-179.91,-0.513,90/30,0.5344,0
MOVEL=-9.087,0.565,0.041,-179.968,-0.521,90/30,0.5451,0
MOVEL=-9.104,-0.452,0.042,179.974,-0.522,90/30,0.5477,0
MOVEL=-9.008,-1.462,0.042,179.916,-0.516,90/30,0.547,0
MOVEL=-8.806,-2.445,0.042,179.86,-0.505,90/30,0.5412,0
MOVEL=-8.505,-3.404,0.042,179.805,-0.487,90/30,0.5424,0
MOVEL=-8.107,-4.325,0.042,179.752,-0.465,90/30,0.5418,0
MOVEL=-7.649,-5.143,0.042,179.705,-0.438,90/30,0.5072,0
MOVEL=-7.111,-5.913,0.043,179.661,-0.407,90/30,0.5113,0
MOVEL=-6.501,-6.623,0.043,179.621,-0.372,90/30,0.5144,0
MOVEL=-5.137,-7.8,0.044,179.553,-0.294,90/30,1.011,0
MOVEL=-3.565,-8.712,0.044,179.501,-0.204,90/30,1.0715,0
MOVEL=-1.867,-9.32,0.045,179.466,-0.107,90/30,1.1607,0
MOVEL=-0.987,-9.5,0.046,179.456,-0.057,90/30,0.6318,0
MOVEL=-0.09,-9.601,0.046,179.45,-0.005,90/30,0.6866,0
MOVEL=0.81,-9.618,0.047,179.449,0.046,90/30,0.7512,0
MOVEL=1.719,-9.549,0.047,179.453,0.098,90/30,0.8485,0
MOVEL=2.62,-9.393,0.048,179.462,0.15,90/30,0.9736,0
MOVEL=3.499,-9.152,0.048,179.476,0.2,90/30,1.1443,0
MOVEL=4.383,-8.811,0.048,179.495,0.251,90/30,1.4576,0
MOVEL=5.229,-8.382,0.049,179.52,0.3,90/30,1.899,0
MOVEL=6.027,-7.872,0.049,179.549,0.345,90/30,2.7075,0
MOVEL=6.822,-7.241,0.049,179.585,0.391,90/30,5.0502,0
MOVEL=7.55,-6.529,0.05,179.626,0.433,90/30,10,0
MOVEL=8.198,-5.749,0.05,179.671,0.47,90/30,10,0
MOVEL=9.18,-4.095,0.051,179.765,0.526,90/30,10,0
MOVEL=9.82,-2.282,0.051,179.869,0.563,90/30,10,0
MOVEL=10.098,-0.379,0.051,179.978,0.579,90/30,10,0
MOVEL=10.042,1.188,0.051,-179.932,0.575,90/30,10,0
MOVEL=9.849,2.365,0.051,-179.864,0.564,90/30,10,0
MOVEL=9.526,3.51,0.052,-179.799,0.546,90/30,10,0
MOVEL=9.103,4.544,0.052,-179.74,0.522,90/30,10,0
MOVEL=8.57,5.53,0.052,-179.683,0.491,90/30,10,0
MOVEL=7.936,6.451,0.052,-179.63,0.455,90/30,10,0
MOVEL=6.623,7.855,0.053,-179.55,0.379,90/30,10,0
MOVEL=5.082,9.005,0.053,-179.484,0.291,90/30,8.615,0
MOVEL=3.366,9.872,0.054,-179.434,0.193,90/30,4.0985,0
MOVEL=1.584,10.403,0.055,-179.404,0.091,90/30,2.641,0
MOVEL=0.497,10.567,0.056,-179.395,0.028,90/30,1.2503,0
MOVEL=-0.598,10.617,0.057,-179.392,-0.034,90/30,1.0931,0
MOVEL=-1.728,10.546,0.057,-179.396,-0.099,90/30,1.0122,0
MOVEL=-2.847,10.351,0.058,-179.407,-0.163,90/30,0.9272,0
MOVEL=-3.932,10.038,0.058,-179.425,-0.225,90/30,0.8547,0
MOVEL=-5.681,9.234,0.059,-179.471,-0.326,90/30,1.3382,0
MOVEL=-7.258,8.133,0.059,-179.534,-0.416,90/30,1.2357,0
MOVEL=-8.006,7.45,0.06,-179.573,-0.459,90/30,0.625,0
MOVEL=-9.237,5.971,0.06,-179.658,-0.529,90/30,1.1603,0
MOVEL=-10.069,4.502,0.061,-179.742,-0.577,90/30,1.0014,0
MOVEL=-10.517,3.383,0.061,-179.806,-0.603,90/30,0.7118,0
MOVEL=-10.837,2.225,0.061,-179.873,-0.621,90/30,0.7102,0
MOVEL=-11.028,1.018,0.061,-179.942,-0.632,90/30,0.7244,0
MOVEL=-11.083,-0.208,0.061,179.988,-0.635,90/30,0.728,0
MOVEL=-11.004,-1.428,0.062,179.918,-0.63,90/30,0.7272,0
MOVEL=-10.794,-2.622,0.062,179.85,-0.618,90/30,0.7244,0
MOVEL=-10.462,-3.792,0.062,179.783,-0.599,90/30,0.73,0
MOVEL=-10.012,-4.917,0.062,179.718,-0.574,90/30,0.7327,0
MOVEL=-9.483,-5.924,0.063,179.661,-0.543,90/30,0.6942,0
MOVEL=-8.854,-6.876,0.063,179.606,-0.507,90/30,0.705,0
MOVEL=-8.137,-7.756,0.063,179.556,-0.466,90/30,0.7117,0
MOVEL=-6.727,-9.067,0.064,179.48,-0.385,90/30,1.2464,0
MOVEL=-5.123,-10.128,0.064,179.42,-0.294,90/30,1.3312,0
MOVEL=-3.371,-10.92,0.065,179.374,-0.193,90/30,1.4832,0
MOVEL=-1.513,-11.414,0.066,179.346,-0.087,90/30,1.7546,0
MOVEL=-0.41,-11.558,0.067,179.338,-0.023,90/30,1.2265,0
MOVEL=0.689,-11.596,0.067,179.336,0.039,90/30,1.46,0
MOVEL=1.806,-11.527,0.068,179.34,0.103,90/30,1.8983,0
MOVEL=2.914,-11.348,0.069,179.35,0.167,90/30,2.7127,0
MOVEL=3.996,-11.063,0.069,179.366,0.229,90/30,4.8106,0
MOVEL=5.093,-10.649,0.07,179.39,0.292,90/30,10,0
MOVEL=6.144,-10.123,0.07,179.42,0.352,90/30,10,0
MOVEL=7.135,-9.496,0.071,179.456,0.409,90/30,10,0
MOVEL=8.109,-8.729,0.071,179.5,0.465,90/30,10,0
MOVEL=9,-7.863,0.071,179.549,0.516,90/30,10,0
MOVEL=9.792,-6.91,0.072,179.604,0.561,90/30,10,0
MOVEL=10.47,-5.888,0.072,179.663,0.6,90/30,10,0
MOVEL=11.038,-4.797,0.072,179.725,0.632,90/30,10,0
MOVEL=11.487,-3.655,0.073,179.791,0.658,90/30,10,0
MOVEL=11.813,-2.461,0.073,179.859,0.677,90/30,10,0
MOVEL=12.012,-1.236,0.073,179.929,0.688,90/30,10,0
MOVEL=12.078,0,0.073,180,0.692,90/30,10,0
MOVEL=12.003,1.397,0.073,-179.92,0.688,90/30,10,0
MOVEL=11.776,2.781,0.073,-179.841,0.675,90/30,10,0
MOVEL=11.399,4.128,0.073,-179.763,0.653,90/30,10,0
MOVEL=10.903,5.35,0.074,-179.693,0.625,90/30,10,0
MOVEL=10.277,6.516,0.074,-179.627,0.589,90/30,10,0
MOVEL=9.535,7.604,0.074,-179.564,0.546,90/30,10,0
MOVEL=8.248,9.035,0.075,-179.482,0.473,90/30,10,0
MOVEL=6.761,10.254,0.075,-179.412,0.387,90/30,10,0
MOVEL=5.649,10.959,0.076,-179.372,0.324,90/30,10,0
MOVEL=3.909,11.778,0.077,-179.325,0.224,90/30,10,0
MOVEL=2.064,12.319,0.078,-179.294,0.118,90/30,10,0
MOVEL=0.755,12.524,0.079,-179.282,0.043,90/30,4.3872,0
MOVEL=-0.543,12.59,0.079,-179.279,-0.031,90/30,2.8077,0
MOVEL=-1.89,12.511,0.08,-179.283,-0.108,90/30,2.1825,0
MOVEL=-3.224,12.284,0.081,-179.296,-0.185,90/30,1.7639,0
MOVEL=-4.521,11.917,0.081,-179.317,-0.259,90/30,1.4905,0
MOVEL=-5.851,11.374,0.082,-179.348,-0.335,90/30,1.3879,0
MOVEL=-7.116,10.685,0.082,-179.388,-0.408,90/30,1.2406,0
MOVEL=-8.29,9.86,0.083,-179.435,-0.475,90/30,1.1306,0
MOVEL=-9.344,8.92,0.083,-179.489,-0.535,90/30,1.0412,0
MOVEL=-10.288,7.864,0.084,-179.549,-0.589,90/30,0.9924,0
MOVEL=-11.106,6.713,0.084,-179.615,-0.636,90/30,0.9538,0
MOVEL=-11.785,5.484,0.084,-179.686,-0.675,90/30,0.9289,0
MOVEL=-12.326,4.184,0.085,-179.76,-0.706,90/30,0.924,0
MOVEL=-12.721,2.837,0.085,-179.837,-0.729,90/30,0.918,0
MOVEL=-12.968,1.427,0.085,-179.918,-0.743,90/30,0.9358,0
MOVEL=-13.057,-0.007,0.085,180,-0.748,90/30,0.9414,0
MOVEL=-12.988,-1.437,0.085,179.918,-0.744,90/30,0.9426,0
MOVEL=-12.766,-2.84,0.086,179.837,-0.731,90/30,0.9416,0
MOVEL=-12.4,-4.216,0.086,179.758,-0.71,90/30,0.9568,0
MOVEL=-11.895,-5.543,0.086,179.682,-0.682,90/30,0.9724,0
MOVEL=-11.293,-6.736,0.086,179.614,-0.647,90/30,0.9355,0
MOVEL=-10.572,-7.866,0.087,179.549,-0.606,90/30,0.9631,0
MOVEL=-9.744,-8.914,0.087,179.489,-0.558,90/30,0.9922,0
MOVEL=-8.373,-10.263,0.088,179.412,-0.48,90/30,1.5164,0
MOVEL=-6.826,-11.405,0.088,179.347,-0.391,90/30,1.6677,0
MOVEL=-5.654,-12.076,0.089,179.308,-0.324,90/30,1.3145,0
MOVEL=-3.885,-12.831,0.09,179.265,-0.223,90/30,2.2322,0
MOVEL=-2.027,-13.326,0.091,179.236,-0.116,90/30,3.0326,0
MOVEL=-0.699,-13.515,0.092,179.226,-0.04,90/30,3.2099,0
MOVEL=0.598,-13.572,0.092,179.222,0.034,90/30,5.7719,0
MOVEL=1.924,-13.499,0.093,179.227,0.11,90/30,10,0
MOVEL=3.239,-13.295,0.094,179.238,0.186,90/30,10,0
MOVEL=4.523,-12.962,0.094,179.257,0.259,90/30,10,0
MOVEL=5.835,-12.472,0.095,179.285,0.334,90/30,10,0
MOVEL=7.093,-11.846,0.095,179.321,0.406,90/30,10,0
MOVEL=8.278,-11.099,0.096,179.364,0.474,90/30,10,0
MOVEL=9.418,-10.204,0.096,179.415,0.54,90/30,10,0
MOVEL=10.459,-9.189,0.097,179.473,0.599,90/30,10,0
MOVEL=11.385,-8.074,0.097,179.537,0.652,90/30,10,0
MOVEL=12.174,-6.88,0.098,179.606,0.698,90/30,10,0
MOVEL=12.836,-5.607,0.098,179.679,0.735,90/30,10,0
MOVEL=13.359,-4.275,0.098,179.755,0.765,90/30,10,0
MOVEL=13.741,-2.879,0.099,179.835,0.787,90/30,10,0
MOVEL=13.972,-1.445,0.099,179.917,0.801,90/30,10,0
MOVEL=14.05,0,0.099,180,0.805,90/30,10,0
MOVEL=13.962,1.64,0.099,-179.906,0.8,90/30,10,0
MOVEL=13.627,3.534,0.099,-179.797,0.781,90/30,10,0
MOVEL=13.276,4.732,0.099,-179.729,0.761,90/30,10,0
MOVEL=12.852,5.827,0.1,-179.666,0.736,90/30,10,0
MOVEL=12.357,6.85,0.1,-179.607,0.708,90/30,10,0
MOVEL=11.781,7.831,0.1,-179.551,0.675,90/30,10,0
MOVEL=11.132,8.761,0.1,-179.498,0.638,90/30,10,0
MOVEL=9.864,10.21,0.101,-179.415,0.565,90/30,10,0
MOVEL=9.101,10.921,0.101,-179.374,0.521,90/30,10,0
MOVEL=7.572,12.087,0.102,-179.307,0.434,90/30,10,0
MOVEL=6.658,12.652,0.102,-179.275,0.382,90/30,10,0
MOVEL=4.931,13.496,0.103,-179.227,0.283,90/30,10,0
MOVEL=3.949,13.856,0.104,-179.206,0.226,90/30,10,0
MOVEL=2.498,14.244,0.105,-179.184,0.143,90/30,10,0
MOVEL=1.008,14.482,0.105,-179.17,0.058,90/30,10,0
MOVEL=-0.495,14.562,0.106,-179.166,-0.028,90/30,10,0
MOVEL=-2.035,14.479,0.107,-179.17,-0.117,90/30,10,0
MOVEL=-3.581,14.224,0.108,-179.185,-0.205,90/30,7.3114,0
MOVEL=-5.113,13.795,0.108,-179.21,-0.293,90/30,3.9569,0
MOVEL=-6.646,13.177,0.109,-179.245,-0.381,90/30,2.828,0
MOVEL=-8.106,12.39,0.11,-179.29,-0.464,90/30,2.1881,0
MOVEL=-9.462,11.446,0.11,-179.344,-0.542,90/30,1.7964,0
MOVEL=-10.674,10.378,0.111,-179.405,-0.612,90/30,1.5203,0
MOVEL=-11.763,9.177,0.111,-179.474,-0.674,90/30,1.3722,0
MOVEL=-12.709,7.868,0.112,-179.549,-0.728,90/30,1.271,0
MOVEL=-13.501,6.466,0.112,-179.629,-0.774,90/30,1.2093,0
MOVEL=-14.137,4.982,0.112,-179.715,-0.81,90/30,1.1808,0
MOVEL=-14.607,3.443,0.113,-179.803,-0.837,90/30,1.1602,0
MOVEL=-14.908,1.826,0.113,-179.895,-0.854,90/30,1.177,0
MOVEL=-15.029,0.181,0.113,-179.99,-0.861,90/30,1.1741,0
MOVEL=-14.967,-1.462,0.113,179.916,-0.858,90/30,1.1684,0
MOVEL=-14.733,-3.07,0.113,179.824,-0.844,90/30,1.1649,0
MOVEL=-14.333,-4.649,0.114,179.734,-0.821,90/30,1.1895,0
MOVEL=-13.773,-6.174,0.114,179.646,-0.789,90/30,1.2191,0
MOVEL=-13.098,-7.551,0.114,179.567,-0.751,90/30,1.1965,0
MOVEL=-12.285,-8.857,0.115,179.492,-0.704,90/30,1.2626,0
MOVEL=-11.35,-10.07,0.115,179.423,-0.65,90/30,1.3347,0
MOVEL=-10.007,-11.449,0.116,179.344,-0.573,90/30,1.8372,0
MOVEL=-9.201,-12.129,0.116,179.305,-0.527,90/30,1.1154,0
MOVEL=-7.623,-13.228,0.117,179.242,-0.437,90/30,2.3419,0
MOVEL=-6.681,-13.763,0.117,179.211,-0.383,90/30,1.5867,0
MOVEL=-4.927,-14.552,0.118,179.166,-0.282,90/30,3.7327,0
MOVEL=-3.925,-14.891,0.119,179.147,-0.225,90/30,3.1982,0
MOVEL=-2.472,-15.251,0.119,179.126,-0.142,90/30,9.3114,0
MOVEL=-0.986,-15.471,0.12,179.114,-0.057,90/30,10,0
MOVEL=0.511,-15.547,0.121,179.109,0.029,90/30,10,0
MOVEL=2.047,-15.47,0.122,179.114,0.117,90/30,10,0
MOVEL=3.572,-15.239,0.123,179.127,0.205,90/30,10,0
MOVEL=5.062,-14.857,0.123,179.149,0.29,90/30,10,0
MOVEL=6.592,-14.29,0.124,179.181,0.378,90/30,10,0
MOVEL=8.058,-13.564,0.124,179.223,0.462,90/30,10,0
MOVEL=9.439,-12.694,0.125,179.273,0.541,90/30,10,0
MOVEL=10.737,-11.671,0.126,179.331,0.615,90/30,10,0
MOVEL=11.922,-10.513,0.126,179.398,0.683,90/30,10,0
MOVEL=12.975,-9.239,0.127,179.471,0.743,90/30,10,0
MOVEL=13.877,-7.875,0.127,179.549,0.795,90/30,10,0
MOVEL=14.633,-6.419,0.128,179.632,0.838,90/30,10,0
MOVEL=15.23,-4.897,0.128,179.719,0.873,90/30,10,0
MOVEL=15.668,-3.298,0.128,179.811,0.898,90/30,10,0
MOVEL=15.933,-1.656,0.128,179.905,0.913,90/30,10,0
MOVEL=16.022,0,0.128,180,0.918,90/30,10,0
MOVEL=15.922,1.852,0.128,-179.894,0.912,90/30,10,0
MOVEL=15.603,3.748,0.129,-179.785,0.894,90/30,10,0
MOVEL=15.151,5.347,0.129,-179.694,0.868,90/30,10,0
MOVEL=14.674,6.586,0.129,-179.623,0.841,90/30,10,0
MOVEL=14.115,7.744,0.13,-179.556,0.809,90/30,10,0
MOVEL=13.467,8.856,0.13,-179.493,0.772,90/30,10,0
MOVEL=12.735,9.911,0.13,-179.432,0.73,90/30,10,0
MOVEL=11.484,11.373,0.131,-179.348,0.658,90/30,10,0
MOVEL=10.444,12.363,0.131,-179.292,0.598,90/30,10,0
MOVEL=8.929,13.546,0.132,-179.224,0.512,90/30,10,0
MOVEL=7.687,14.334,0.132,-179.179,0.44,90/30,10,0
MOVEL=5.97,15.199,0.133,-179.129,0.342,90/30,10,0
MOVEL=4.628,15.71,0.134,-179.1,0.265,90/30,10,0
MOVEL=2.983,16.158,0.135,-179.074,0.171,90/30,10,0
MOVEL=1.296,16.435,0.136,-179.058,0.074,90/30,10,0
MOVEL=-0.407,16.535,0.137,-179.053,-0.023,90/30,10,0
MOVEL=-2.156,16.449,0.138,-179.057,-0.124,90/30,10,0
MOVEL=-3.912,16.169,0.138,-179.074,-0.224,90/30,10,0
MOVEL=-5.652,15.693,0.139,-179.101,-0.324,90/30,5.7144,0
MOVEL=-7.388,15.006,0.14,-179.14,-0.423,90/30,3.0212,0
MOVEL=-9.041,14.129,0.141,-179.19,-0.518,90/30,1.9908,0
MOVEL=-10.579,13.076,0.141,-179.251,-0.606,90/30,1.4681,0
MOVEL=-11.951,11.885,0.142,-179.319,-0.685,90/30,1.1416,0
MOVEL=-13.188,10.546,0.143,-179.396,-0.756,90/30,0.9679,0
MOVEL=-14.268,9.085,0.143,-179.479,-0.818,90/30,0.8514,0
MOVEL=-15.176,7.519,0.143,-179.569,-0.87,90/30,0.7755,0
MOVEL=-15.911,5.86,0.144,-179.664,-0.912,90/30,0.7308,0
MOVEL=-16.463,4.134,0.144,-179.763,-0.943,90/30,0.699,0
MOVEL=-16.827,2.34,0.144,-179.866,-0.964,90/30,0.6871,0
MOVEL=-16.993,0.499,0.145,-179.971,-0.974,90/30,0.6841,0
MOVEL=-16.954,-1.364,0.145,179.922,-0.971,90/30,0.6886,0
MOVEL=-16.716,-3.196,0.145,179.817,-0.958,90/30,0.6914,0
MOVEL=-16.287,-4.998,0.145,179.714,-0.933,90/30,0.7142,0
MOVEL=-15.674,-6.74,0.146,179.614,-0.898,90/30,0.7476,0
MOVEL=-14.926,-8.316,0.146,179.523,-0.855,90/30,0.7547,0
MOVEL=-14.021,-9.812,0.146,179.438,-0.803,90/30,0.8205,0
MOVEL=-12.973,-11.205,0.147,179.358,-0.743,90/30,0.9005,0
MOVEL=-11.819,-12.454,0.147,179.286,-0.677,90/30,0.9863,0
MOVEL=-10.547,-13.588,0.148,179.221,-0.604,90/30,1.1356,0
MOVEL=-9.175,-14.592,0.149,179.164,-0.526,90/30,1.349,0
MOVEL=-7.721,-15.454,0.149,179.114,-0.442,90/30,1.6858,0
MOVEL=-6.189,-16.176,0.15,179.073,-0.355,90/30,2.3107,0
MOVEL=-4.599,-16.748,0.151,179.04,-0.264,90/30,3.6841,0
MOVEL=-2.95,-17.167,0.152,179.016,-0.169,90/30,9.1344,0
MOVEL=-1.264,-17.425,0.153,179.002,-0.072,90/30,10,0
MOVEL=0.435,-17.519,0.154,178.996,0.025,90/30,10,0
MOVEL=2.181,-17.438,0.154,179.001,0.125,90/30,10,0
MOVEL=3.914,-17.181,0.155,179.016,0.224,90/30,10,0
MOVEL=5.608,-16.751,0.156,179.04,0.321,90/30,10,0
MOVEL=7.346,-16.11,0.157,179.077,0.421,90/30,10,0
MOVEL=9.013,-15.289,0.158,179.124,0.516,90/30,10,0
MOVEL=10.581,-14.302,0.158,179.18,0.606,90/30,10,0
MOVEL=12.041,-13.15,0.159,179.246,0.69,90/30,10,0
MOVEL=13.374,-11.847,0.16,179.321,0.766,90/30,10,0
MOVEL=14.559,-10.414,0.16,179.403,0.834,90/30,10,0
MOVEL=15.575,-8.877,0.161,179.491,0.892,90/30,10,0
MOVEL=16.427,-7.238,0.161,179.585,0.941,90/30,10,0
MOVEL=17.101,-5.523,0.161,179.684,0.98,90/30,10,0
MOVEL=17.594,-3.719,0.162,179.787,1.008,90/30,10,0
MOVEL=17.894,-1.867,0.162,179.893,1.025,90/30,10,0
MOVEL=17.994,0,0.162,180,1.031,90/30,10,0
MOVEL=17.967,1.033,0.162,-179.941,1.029,90/30,10,0
MOVEL=17.883,2.064,0.162,-179.882,1.025,90/30,10,0
MOVEL=17.743,3.087,0.162,-179.823,1.017,90/30,10,0
MOVEL=17.442,4.539,0.162,-179.74,0.999,90/30,10,0
MOVEL=17.024,5.964,0.163,-179.658,0.975,90/30,10,0
MOVEL=16.492,7.348,0.163,-179.579,0.945,90/30,10,0
MOVEL=15.87,8.643,0.163,-179.505,0.909,90/30,10,0
MOVEL=15.147,9.887,0.164,-179.433,0.868,90/30,10,0
MOVEL=14.33,11.069,0.164,-179.366,0.821,90/30,10,0
MOVEL=13.092,12.541,0.164,-179.281,0.75,90/30,10,0
MOVEL=11.773,13.817,0.165,-179.208,0.675,90/30,10,0
MOVEL=10.267,15.013,0.165,-179.14,0.588,90/30,10,0
MOVEL=8.692,16.03,0.166,-179.081,0.498,90/30,10,0
MOVEL=6.981,16.908,0.167,-179.031,0.4,90/30,10,0
MOVEL=5.269,17.576,0.168,-178.993,0.302,90/30,10,0
MOVEL=3.427,18.081,0.169,-178.964,0.196,90/30,10,0
MOVEL=1.535,18.393,0.17,-178.946,0.088,90/30,10,0
MOVEL=-0.376,18.506,0.171,-178.94,-0.022,90/30,10,0
MOVEL=-1.358,18.485,0.172,-178.941,-0.078,90/30,10,0
MOVEL=-2.34,18.41,0.172,-178.945,-0.134,90/30,10,0
MOVEL=-3.316,18.283,0.173,-178.952,-0.19,90/30,10,0
MOVEL=-4.316,18.097,0.173,-178.963,-0.247,90/30,10,0
MOVEL=-5.305,17.855,0.173,-178.977,-0.304,90/30,3.9222,0
MOVEL=-6.278,17.561,0.174,-178.994,-0.36,90/30,2.2683,0
MOVEL=-7.263,17.203,0.174,-179.014,-0.416,90/30,1.607,0
MOVEL=-8.228,16.792,0.175,-179.038,-0.472,90/30,1.2082,0
MOVEL=-9.166,16.327,0.175,-179.064,-0.525,90/30,0.9515,0
MOVEL=-10.492,15.549,0.176,-179.109,-0.601,90/30,1.1037,0
MOVEL=-11.749,14.663,0.177,-179.16,-0.673,90/30,0.879,0
MOVEL=-12.926,13.676,0.177,-179.216,-0.741,90/30,0.7273,0
MOVEL=-13.999,12.612,0.178,-179.277,-0.802,90/30,0.6161,0
MOVEL=-14.983,11.463,0.178,-179.343,-0.859,90/30,0.5471,0
MOVEL=-15.869,10.239,0.178,-179.413,-0.909,90/30,0.4966,0
MOVEL=-16.846,8.583,0.179,-179.508,-0.965,90/30,0.5811,0
MOVEL=-17.649,6.836,0.179,-179.608,-1.011,90/30,0.5415,0
MOVEL=-18.269,5.016,0.179,-179.713,-1.047,90/30,0.5168,0
MOVEL=-18.579,3.759,0.18,-179.785,-1.065,90/30,0.3389,0
MOVEL=-18.761,2.754,0.18,-179.842,-1.075,90/30,0.2639,0
MOVEL=-18.888,1.742,0.18,-179.9,-1.082,90/30,0.2617,0
MOVEL=-18.96,0.706,0.18,-179.96,-1.086,90/30,0.2647,0
MOVEL=-18.974,-0.334,0.18,179.981,-1.087,90/30,0.2638,0
MOVEL=-18.932,-1.369,0.18,179.922,-1.085,90/30,0.2626,0
MOVEL=-18.704,-3.281,0.18,179.812,-1.072,90/30,0.4923,0
MOVEL=-18.292,-5.159,0.181,179.704,-1.048,90/30,0.5052,0
MOVEL=-17.698,-6.988,0.181,179.6,-1.014,90/30,0.5325,0
MOVEL=-17.161,-8.259,0.181,179.527,-0.983,90/30,0.4067,0
MOVEL=-16.724,-9.138,0.182,179.476,-0.958,90/30,0.3052,0
MOVEL=-16.243,-9.994,0.182,179.427,-0.931,90/30,0.3209,0
MOVEL=-15.728,-10.808,0.182,179.381,-0.901,90/30,0.3317,0
MOVEL=-15.173,-11.596,0.182,179.336,-0.869,90/30,0.3504,0
MOVEL=-14.581,-12.354,0.183,179.292,-0.836,90/30,0.3698,0
MOVEL=-13.301,-13.759,0.183,179.212,-0.762,90/30,0.8031,0
MOVEL=-11.89,-15.035,0.184,179.138,-0.681,90/30,0.9343,0
MOVEL=-10.366,-16.167,0.184,179.074,-0.594,90/30,1.1292,0
MOVEL=-8.747,-17.141,0.185,179.018,-0.501,90/30,1.4427,0
MOVEL=-7.039,-17.958,0.186,178.971,-0.403,90/30,2.0315,0
MOVEL=-5.265,-18.607,0.187,178.934,-0.302,90/30,3.367,0
MOVEL=-3.42,-19.085,0.188,178.906,-0.196,90/30,8.7346,0
MOVEL=-1.533,-19.382,0.189,178.889,-0.088,90/30,10,0
MOVEL=0.371,-19.491,0.19,178.883,0.021,90/30,10,0
MOVEL=1.341,-19.474,0.191,178.884,0.077,90/30,10,0
MOVEL=2.312,-19.407,0.191,178.888,0.132,90/30,10,0
MOVEL=3.277,-19.292,0.191,178.895,0.188,90/30,10,0
MOVEL=4.258,-19.122,0.192,178.904,0.244,90/30,10,0
MOVEL=5.228,-18.902,0.192,178.917,0.3,90/30,10,0
MOVEL=6.185,-18.633,0.193,178.932,0.354,90/30,10,0
MOVEL=7.993,-17.975,0.194,178.97,0.458,90/30,10,0
MOVEL=9.727,-17.145,0.194,179.018,0.557,90/30,10,0
MOVEL=11.373,-16.151,0.195,179.075,0.652,90/30,10,0
MOVEL=12.912,-14.999,0.196,179.141,0.74,90/30,10,0
MOVEL=14.33,-13.7,0.197,179.215,0.821,90/30,10,0
MOVEL=15.615,-12.27,0.197,179.297,0.895,90/30,10,0
MOVEL=16.751,-10.718,0.198,179.386,0.96,90/30,10,0
MOVEL=17.283,-9.863,0.198,179.435,0.99,90/30,3.8093,0
MOVEL=18.174,-8.159,0.198,179.532,1.041,90/30,5.3465,0
MOVEL=18.894,-6.375,0.199,179.635,1.083,90/30,4.1349,0
MOVEL=19.273,-5.152,0.199,179.705,1.104,90/30,2.3696,0
MOVEL=19.52,-4.148,0.199,179.762,1.118,90/30,1.7529,0
MOVEL=19.713,-3.134,0.199,179.82,1.13,90/30,1.6428,0
MOVEL=19.854,-2.095,0.199,179.88,1.138,90/30,1.5622,0
MOVEL=19.938,-1.048,0.199,179.94,1.142,90/30,1.4681,0
MOVEL=19.966,0,0.199,180,1.144,90/30,1.385,0
MOVEL=19.936,1.14,0.199,-179.935,1.142,90/30,1.4265,0
MOVEL=19.844,2.277,0.2,-179.87,1.137,90/30,1.3586,0
MOVEL=19.689,3.405,0.2,-179.805,1.128,90/30,1.3016,0
MOVEL=19.357,5.009,0.2,-179.713,1.109,90/30,1.8274,0
MOVEL=18.896,6.583,0.2,-179.623,1.083,90/30,1.8639,0
MOVEL=18.311,8.111,0.201,-179.535,1.049,90/30,2.0025,0
MOVEL=17.624,9.544,0.201,-179.453,1.01,90/30,2.2366,0
MOVEL=16.826,10.92,0.201,-179.374,0.964,90/30,2.8005,0
MOVEL=15.927,12.226,0.202,-179.299,0.913,90/30,3.9482,0
MOVEL=14.697,13.708,0.202,-179.214,0.842,90/30,9.6433,0
MOVEL=13.334,15.064,0.202,-179.137,0.764,90/30,10,0
MOVEL=11.853,16.291,0.203,-179.066,0.679,90/30,10,0
MOVEL=10.269,17.38,0.204,-179.004,0.588,90/30,10,0
MOVEL=8.594,18.323,0.205,-178.95,0.492,90/30,10,0
MOVEL=6.838,19.107,0.206,-178.905,0.392,90/30,10,0
MOVEL=5.91,19.443,0.207,-178.886,0.339,90/30,10,0
MOVEL=4.902,19.749,0.207,-178.868,0.281,90/30,10,0
MOVEL=3.878,20.003,0.208,-178.854,0.222,90/30,10,0
MOVEL=2.845,20.203,0.208,-178.842,0.163,90/30,10,0
MOVEL=1.246,20.404,0.209,-178.831,0.071,90/30,10,0
MOVEL=-0.366,20.477,0.21,-178.827,-0.021,90/30,10,0
MOVEL=-1.976,20.421,0.21,-178.83,-0.113,90/30,10,0
MOVEL=-3.645,20.225,0.211,-178.841,-0.209,90/30,10,0
MOVEL=-5.296,19.892,0.212,-178.86,-0.303,90/30,10,0
MOVEL=-6.912,19.427,0.213,-178.887,-0.396,90/30,3.6233,0
MOVEL=-7.996,19.034,0.213,-178.909,-0.458,90/30,1.5027,0
MOVEL=-9.058,18.58,0.214,-178.935,-0.519,90/30,1.1146,0
MOVEL=-10.091,18.069,0.214,-178.965,-0.578,90/30,0.87,0
MOVEL=-11.546,17.216,0.215,-179.013,-0.662,90/30,0.9917,0
MOVEL=-12.927,16.244,0.216,-179.069,-0.741,90/30,0.7814,0
MOVEL=-14.221,15.163,0.216,-179.131,-0.815,90/30,0.6426,0
MOVEL=-15.404,13.997,0.217,-179.198,-0.883,90/30,0.5417,0
MOVEL=-16.49,12.736,0.217,-179.27,-0.945,90/30,0.4786,0
MOVEL=-17.468,11.395,0.218,-179.347,-1.001,90/30,0.4309,0
MOVEL=-18.461,9.748,0.218,-179.441,-1.058,90/30,0.4579,0
MOVEL=-19.296,8.016,0.218,-179.541,-1.106,90/30,0.4271,0
MOVEL=-19.968,6.215,0.219,-179.644,-1.144,90/30,0.4065,0
MOVEL=-20.469,4.358,0.219,-179.75,-1.173,90/30,0.3935,0
MOVEL=-20.693,3.172,0.219,-179.818,-1.186,90/30,0.2425,0
MOVEL=-20.839,2.058,0.219,-179.882,-1.194,90/30,0.2237,0
MOVEL=-20.925,0.917,0.219,-179.947,-1.199,90/30,0.226,0
MOVEL=-20.948,-0.229,0.219,179.987,-1.2,90/30,0.225,0
MOVEL=-20.908,-1.371,0.22,179.921,-1.198,90/30,0.2236,0
MOVEL=-20.701,-3.284,0.22,179.812,-1.186,90/30,0.3782,0
MOVEL=-20.326,-5.17,0.22,179.704,-1.165,90/30,0.3864,0
MOVEL=-19.786,-7.015,0.22,179.598,-1.134,90/30,0.4043,0
MOVEL=-19.429,-7.98,0.221,179.543,-1.113,90/30,0.2273,0
MOVEL=-19.004,-8.973,0.221,179.486,-1.089,90/30,0.2489,0
MOVEL=-18.528,-9.946,0.221,179.43,-1.062,90/30,0.2622,0
MOVEL=-18.002,-10.893,0.221,179.376,-1.032,90/30,0.2765,0
MOVEL=-17.439,-11.796,0.222,179.324,-0.999,90/30,0.2876,0
MOVEL=-16.831,-12.669,0.222,179.274,-0.964,90/30,0.3049,0
MOVEL=-16.181,-13.511,0.222,179.226,-0.927,90/30,0.3234,0
MOVEL=-14.9,-14.945,0.223,179.144,-0.854,90/30,0.6401,0
MOVEL=-13.497,-16.26,0.223,179.068,-0.773,90/30,0.7359,0
MOVEL=-11.983,-17.445,0.224,179,-0.687,90/30,0.8766,0
MOVEL=-10.37,-18.49,0.225,178.94,-0.594,90/30,1.0932,0
MOVEL=-8.67,-19.389,0.226,178.889,-0.497,90/30,1.4614,0
MOVEL=-6.898,-20.135,0.227,178.846,-0.395,90/30,2.1797,0
MOVEL=-5.923,-20.469,0.227,178.827,-0.339,90/30,1.8339,0
MOVEL=-4.065,-20.965,0.228,178.799,-0.233,90/30,7.0113,0
MOVEL=-2.171,-21.294,0.229,178.78,-0.124,90/30,10,0
MOVEL=-0.254,-21.451,0.23,178.771,-0.015,90/30,10,0
MOVEL=1.391,-21.446,0.231,178.771,0.08,90/30,10,0
MOVEL=2.468,-21.373,0.231,178.775,0.141,90/30,10,0
MOVEL=3.538,-21.245,0.232,178.783,0.203,90/30,10,0
MOVEL=4.628,-21.057,0.232,178.793,0.265,90/30,10,0
MOVEL=5.707,-20.813,0.233,178.807,0.327,90/30,10,0
MOVEL=6.77,-20.514,0.233,178.825,0.388,90/30,10,0
MOVEL=8.581,-19.863,0.234,178.862,0.492,90/30,10,0
MOVEL=10.326,-19.057,0.235,178.908,0.592,90/30,10,0
MOVEL=11.994,-18.101,0.236,178.963,0.687,90/30,10,0
MOVEL=12.932,-17.47,0.236,178.999,0.741,90/30,10,0
MOVEL=14.446,-16.285,0.237,179.067,0.828,90/30,6.9962,0
MOVEL=15.848,-14.969,0.238,179.142,0.908,90/30,3.4457,0
MOVEL=17.128,-13.534,0.238,179.224,0.982,90/30,2.286,0
MOVEL=17.752,-12.73,0.239,179.27,1.017,90/30,0.9704,0
MOVEL=18.821,-11.133,0.239,179.362,1.078,90/30,1.558,0
MOVEL=19.745,-9.446,0.24,179.459,1.131,90/30,1.3286,0
MOVEL=20.515,-7.684,0.24,179.56,1.176,90/30,1.1821,0
MOVEL=20.846,-6.758,0.24,179.613,1.195,90/30,0.5655,0
MOVEL=21.175,-5.673,0.24,179.675,1.213,90/30,0.6272,0
MOVEL=21.447,-4.568,0.24,179.738,1.229,90/30,0.6064,0
MOVEL=21.659,-3.452,0.241,179.802,1.241,90/30,0.5861,0
MOVEL=21.814,-2.307,0.241,179.868,1.25,90/30,0.5774,0
MOVEL=21.907,-1.155,0.241,179.934,1.255,90/30,0.5593,0
MOVEL=21.938,0,0.241,180,1.257,90/30,0.5418,0
MOVEL=21.905,1.246,0.241,-179.929,1.255,90/30,0.5684,0
MOVEL=21.804,2.489,0.241,-179.857,1.249,90/30,0.5547,0
MOVEL=21.636,3.724,0.241,-179.787,1.24,90/30,0.5434,0
MOVEL=21.273,5.479,0.241,-179.686,1.219,90/30,0.7775,0
MOVEL=20.769,7.202,0.242,-179.587,1.19,90/30,0.7948,0
MOVEL=20.129,8.875,0.242,-179.491,1.153,90/30,0.8391,0
MOVEL=19.378,10.445,0.242,-179.401,1.11,90/30,0.8974,0
MOVEL=18.506,11.954,0.243,-179.315,1.06,90/30,1.0267,0
MOVEL=17.52,13.387,0.243,-179.233,1.004,90/30,1.2207,0
MOVEL=16.303,14.877,0.244,-179.147,0.934,90/30,1.7244,0
MOVEL=14.965,16.257,0.244,-179.068,0.858,90/30,2.4531,0
MOVEL=13.515,17.52,0.245,-178.996,0.774,90/30,4.1474,0
MOVEL=12.639,18.186,0.245,-178.958,0.724,90/30,4.8243,0
MOVEL=11.033,19.244,0.246,-178.897,0.632,90/30,10,0
MOVEL=9.344,20.162,0.247,-178.845,0.535,90/30,10,0
MOVEL=7.584,20.936,0.248,-178.8,0.435,90/30,10,0
MOVEL=6.547,21.31,0.249,-178.779,0.375,90/30,10,0
MOVEL=5.443,21.646,0.249,-178.76,0.312,90/30,10,0
MOVEL=4.32,21.926,0.25,-178.744,0.248,90/30,10,0
MOVEL=3.185,22.146,0.25,-178.731,0.183,90/30,10,0
MOVEL=1.429,22.368,0.251,-178.718,0.082,90/30,10,0
MOVEL=-0.341,22.448,0.252,-178.714,-0.02,90/30,10,0
MOVEL=-2.11,22.387,0.253,-178.717,-0.121,90/30,10,0
MOVEL=-3.947,22.172,0.254,-178.73,-0.226,90/30,10,0
MOVEL=-5.763,21.806,0.254,-178.75,-0.33,90/30,10,0
MOVEL=-7.542,21.295,0.255,-178.78,-0.432,90/30,3.6201,0
MOVEL=-8.723,20.867,0.256,-178.804,-0.5,90/30,1.4743,0
MOVEL=-9.88,20.373,0.256,-178.833,-0.566,90/30,1.0881,0
MOVEL=-11.006,19.816,0.257,-178.864,-0.631,90/30,0.8441,0
MOVEL=-12.591,18.888,0.258,-178.918,-0.722,90/30,0.9524,0
MOVEL=-14.097,17.832,0.258,-178.978,-0.808,90/30,0.7459,0
MOVEL=-15.509,16.657,0.259,-179.045,-0.889,90/30,0.6123,0
MOVEL=-16.801,15.388,0.26,-179.118,-0.963,90/30,0.5155,0
MOVEL=-17.989,14.018,0.26,-179.197,-1.031,90/30,0.4536,0
MOVEL=-19.062,12.558,0.261,-179.28,-1.092,90/30,0.4079,0
MOVEL=-20.067,10.919,0.261,-179.374,-1.15,90/30,0.3967,0
MOVEL=-20.93,9.201,0.261,-179.473,-1.199,90/30,0.3704,0
MOVEL=-21.318,8.286,0.262,-179.525,-1.222,90/30,0.1839,0
MOVEL=-21.954,6.471,0.262,-179.629,-1.258,90/30,0.3457,0
MOVEL=-22.389,4.808,0.262,-179.724,-1.283,90/30,0.3006,0
MOVEL=-22.621,3.603,0.262,-179.794,-1.296,90/30,0.2114,0
MOVEL=-22.788,2.388,0.263,-179.863,-1.306,90/30,0.209,0
MOVEL=-22.889,1.143,0.263,-179.934,-1.312,90/30,0.2109,0
MOVEL=-22.921,-0.107,0.263,179.994,-1.313,90/30,0.2096,0
MOVEL=-22.885,-1.356,0.263,179.922,-1.311,90/30,0.2084,0
MOVEL=-22.696,-3.27,0.263,179.813,-1.301,90/30,0.3217,0
MOVEL=-22.354,-5.162,0.263,179.704,-1.281,90/30,0.3271,0
MOVEL=-22.086,-6.242,0.263,179.642,-1.266,90/30,0.1943,0
MOVEL=-21.504,-8.074,0.264,179.537,-1.232,90/30,0.3502,0
MOVEL=-20.848,-9.684,0.264,179.445,-1.195,90/30,0.3383,0
MOVEL=-20.332,-10.751,0.265,179.384,-1.165,90/30,0.2458,0
MOVEL=-19.762,-11.791,0.265,179.324,-1.132,90/30,0.26,0
MOVEL=-19.151,-12.782,0.265,179.267,-1.097,90/30,0.2706,0
MOVEL=-18.49,-13.742,0.265,179.212,-1.06,90/30,0.2879,0
MOVEL=-17.784,-14.665,0.266,179.16,-1.019,90/30,0.3054,0
MOVEL=-16.514,-16.112,0.266,179.077,-0.946,90/30,0.5527,0
MOVEL=-15.132,-17.449,0.267,179,-0.867,90/30,0.6275,0
MOVEL=-13.647,-18.669,0.267,178.93,-0.782,90/30,0.7329,0
MOVEL=-12.731,-19.327,0.268,178.892,-0.73,90/30,0.4995,0
MOVEL=-11.1,-20.346,0.269,178.834,-0.636,90/30,1.0221,0
MOVEL=-9.392,-21.229,0.269,178.784,-0.538,90/30,1.3682,0
MOVEL=-7.619,-21.972,0.27,178.741,-0.437,90/30,2.0373,0
MOVEL=-6.577,-22.332,0.271,178.72,-0.377,90/30,1.8144,0
MOVEL=-4.723,-22.84,0.272,178.691,-0.271,90/30,6.0659,0
MOVEL=-2.833,-23.194,0.273,178.671,-0.162,90/30,10,0
MOVEL=-0.921,-23.393,0.274,178.66,-0.053,90/30,10,0
MOVEL=0.259,-23.436,0.275,178.657,0.015,90/30,10,0
MOVEL=1.44,-23.418,0.275,178.658,0.083,90/30,10,0
MOVEL=2.622,-23.339,0.276,178.663,0.15,90/30,10,0
MOVEL=3.797,-23.2,0.276,178.671,0.218,90/30,10,0
MOVEL=4.994,-22.994,0.277,178.682,0.286,90/30,10,0
MOVEL=6.18,-22.726,0.277,178.698,0.354,90/30,10,0
MOVEL=7.348,-22.398,0.278,178.717,0.421,90/30,10,0
MOVEL=9.161,-21.755,0.279,178.753,0.525,90/30,10,0
MOVEL=10.916,-20.968,0.279,178.798,0.626,90/30,10,0
MOVEL=11.966,-20.413,0.28,178.83,0.686,90/30,5.0857,0
MOVEL=13.603,-19.405,0.281,178.888,0.78,90/30,3.8884,0
MOVEL=15.15,-18.264,0.282,178.953,0.868,90/30,2.281,0
MOVEL=16.015,-17.534,0.282,178.995,0.918,90/30,1.0003,0
MOVEL=17.4,-16.201,0.283,179.072,0.997,90/30,1.351,0
MOVEL=18.673,-14.76,0.283,179.154,1.07,90/30,1.0794,0
MOVEL=19.34,-13.898,0.284,179.204,1.108,90/30,0.5326,0
MOVEL=20.416,-12.305,0.284,179.295,1.17,90/30,0.8413,0
MOVEL=21.358,-10.629,0.285,179.391,1.224,90/30,0.7482,0
MOVEL=21.821,-9.667,0.285,179.446,1.25,90/30,0.3854,0
MOVEL=22.544,-7.885,0.285,179.548,1.292,90/30,0.6567,0
MOVEL=23.077,-6.196,0.286,179.645,1.322,90/30,0.5729,0
MOVEL=23.373,-4.99,0.286,179.714,1.339,90/30,0.3874,0
MOVEL=23.606,-3.771,0.286,179.784,1.353,90/30,0.3767,0
MOVEL=23.775,-2.52,0.286,179.856,1.362,90/30,0.3733,0
MOVEL=23.877,-1.262,0.286,179.928,1.368,90/30,0.3648,0
MOVEL=23.91,0,0.286,180,1.37,90/30,0.3566,0
MOVEL=23.874,1.352,0.286,-179.923,1.368,90/30,0.3736,0
MOVEL=23.765,2.701,0.286,-179.845,1.362,90/30,0.367,0
MOVEL=23.582,4.041,0.286,-179.768,1.351,90/30,0.3621,0
MOVEL=23.194,5.924,0.287,-179.66,1.329,90/30,0.5145,0
MOVEL=22.658,7.771,0.287,-179.555,1.298,90/30,0.5256,0
MOVEL=21.977,9.569,0.287,-179.452,1.259,90/30,0.5524,0
MOVEL=21.154,11.306,0.288,-179.352,1.212,90/30,0.5984,0
MOVEL=20.194,12.973,0.288,-179.257,1.157,90/30,0.6698,0
MOVEL=19.119,14.541,0.289,-179.167,1.096,90/30,0.7637,0
MOVEL=17.91,16.036,0.289,-179.081,1.026,90/30,0.9187,0
MOVEL=16.587,17.432,0.29,-179.001,0.951,90/30,1.1417,0
MOVEL=15.758,18.205,0.29,-178.957,0.903,90/30,0.8329,0
MOVEL=14.274,19.428,0.291,-178.887,0.818,90/30,1.8284,0
MOVEL=12.699,20.531,0.291,-178.823,0.728,90/30,2.8034,0
MOVEL=11.736,21.119,0.292,-178.79,0.673,90/30,2.6923,0
MOVEL=10.037,22.019,0.293,-178.738,0.575,90/30,10,0
MOVEL=8.273,22.784,0.294,-178.694,0.474,90/30,10,0
MOVEL=7.204,23.171,0.294,-178.672,0.413,90/30,10,0
MOVEL=6.001,23.539,0.295,-178.651,0.344,90/30,10,0
MOVEL=4.78,23.844,0.296,-178.634,0.274,90/30,10,0
MOVEL=3.546,24.086,0.296,-178.62,0.203,90/30,10,0
MOVEL=1.638,24.329,0.297,-178.606,0.094,90/30,10,0
MOVEL=-0.283,24.42,0.298,-178.601,-0.016,90/30,10,0
MOVEL=-2.204,24.357,0.299,-178.604,-0.126,90/30,10,0
MOVEL=-4.115,24.141,0.3,-178.617,-0.236,90/30,10,0
MOVEL=-6.003,23.775,0.301,-178.638,-0.344,90/30,10,0
MOVEL=-7.857,23.266,0.302,-178.667,-0.45,90/30,4.4479,0
MOVEL=-9.419,22.713,0.302,-178.698,-0.54,90/30,2.0913,0
MOVEL=-10.67,22.181,0.303,-178.729,-0.612,90/30,1.1876,0
MOVEL=-11.888,21.58,0.304,-178.763,-0.681,90/30,0.9104,0
MOVEL=-13.551,20.615,0.304,-178.819,-0.777,90/30,0.9909,0
MOVEL=-15.132,19.521,0.305,-178.881,-0.867,90/30,0.7729,0
MOVEL=-16.622,18.306,0.306,-178.951,-0.953,90/30,0.6317,0
MOVEL=-18.011,16.976,0.306,-179.027,-1.032,90/30,0.537,0
MOVEL=-19.291,15.541,0.307,-179.109,-1.105,90/30,0.4696,0
MOVEL=-20.455,14.011,0.307,-179.197,-1.172,90/30,0.4198,0
MOVEL=-21.494,12.393,0.308,-179.29,-1.232,90/30,0.384,0
MOVEL=-21.985,11.518,0.308,-179.34,-1.26,90/30,0.1896,0
MOVEL=-22.826,9.789,0.308,-179.439,-1.308,90/30,0.3474,0
MOVEL=-23.529,7.999,0.309,-179.542,-1.348,90/30,0.3313,0
MOVEL=-23.951,6.67,0.309,-179.618,-1.372,90/30,0.2332,0
MOVEL=-24.28,5.386,0.309,-179.691,-1.391,90/30,0.218,0
MOVEL=-24.54,4.083,0.309,-179.766,-1.406,90/30,0.2156,0
MOVEL=-24.729,2.77,0.31,-179.841,-1.417,90/30,0.2129,0
MOVEL=-24.848,1.423,0.31,-179.918,-1.424,90/30,0.2149,0
MOVEL=-24.893,0.07,0.31,-179.996,-1.426,90/30,0.2133,0
MOVEL=-24.863,-1.281,0.31,179.927,-1.425,90/30,0.2117,0
MOVEL=-24.695,-3.198,0.31,179.817,-1.415,90/30,0.3015,0
MOVEL=-24.384,-5.095,0.31,179.708,-1.397,90/30,0.3052,0
MOVEL=-24.031,-6.6,0.311,179.622,-1.377,90/30,0.2519,0
MOVEL=-23.467,-8.438,0.311,179.516,-1.345,90/30,0.327,0
MOVEL=-22.764,-10.227,0.311,179.414,-1.304,90/30,0.3491,0
MOVEL=-22.155,-11.518,0.312,179.34,-1.27,90/30,0.278,0
MOVEL=-21.541,-12.653,0.312,179.275,-1.234,90/30,0.2675,0
MOVEL=-20.882,-13.736,0.312,179.213,-1.197,90/30,0.2793,0
MOVEL=-20.168,-14.785,0.313,179.153,-1.156,90/30,0.2976,0
MOVEL=-19.404,-15.795,0.313,179.095,-1.112,90/30,0.3174,0
MOVEL=-18.148,-17.252,0.314,179.011,-1.04,90/30,0.5265,0
MOVEL=-16.786,-18.609,0.314,178.934,-0.962,90/30,0.5925,0
MOVEL=-15.915,-19.379,0.314,178.889,-0.912,90/30,0.4008,0
MOVEL=-14.401,-20.563,0.315,178.822,-0.825,90/30,0.757,0
MOVEL=-12.801,-21.63,0.316,178.76,-0.734,90/30,0.9294,0
MOVEL=-11.81,-22.209,0.316,178.727,-0.677,90/30,0.6806,0
MOVEL=-10.095,-23.077,0.317,178.678,-0.579,90/30,1.4584,0
MOVEL=-8.319,-23.816,0.318,178.635,-0.477,90/30,2.1959,0
MOVEL=-7.238,-24.191,0.319,178.614,-0.415,90/30,2.0852,0
MOVEL=-5.386,-24.71,0.32,178.584,-0.309,90/30,7.1726,0
MOVEL=-3.501,-25.087,0.321,178.562,-0.201,90/30,10,0
MOVEL=-2.306,-25.251,0.322,178.553,-0.132,90/30,10,0
MOVEL=-0.388,-25.393,0.323,178.545,-0.022,90/30,10,0
MOVEL=1.503,-25.388,0.323,178.545,0.086,90/30,10,0
MOVEL=2.793,-25.302,0.324,178.55,0.16,90/30,10,0
MOVEL=4.076,-25.15,0.325,178.559,0.234,90/30,10,0
MOVEL=5.385,-24.925,0.325,178.572,0.309,90/30,10,0
MOVEL=6.681,-24.631,0.326,178.589,0.383,90/30,10,0
MOVEL=7.958,-24.271,0.326,178.609,0.456,90/30,10,0
MOVEL=9.257,-23.83,0.327,178.634,0.531,90/30,10,0
MOVEL=10.531,-23.321,0.327,178.664,0.604,90/30,5.7403,0
MOVEL=11.775,-22.745,0.328,178.697,0.675,90/30,2.9054,0
MOVEL=13.464,-21.826,0.329,178.749,0.772,90/30,2.4465,0
MOVEL=15.079,-20.782,0.33,178.809,0.864,90/30,1.6213,0
MOVEL=16.61,-19.619,0.33,178.876,0.952,90/30,1.1955,0
MOVEL=18.048,-18.343,0.331,178.949,1.034,90/30,0.9441,0
MOVEL=19.385,-16.962,0.332,179.028,1.111,90/30,0.7813,0
MOVEL=20.615,-15.484,0.332,179.113,1.181,90/30,0.6731,0
MOVEL=21.728,-13.916,0.333,179.202,1.245,90/30,0.5955,0
MOVEL=22.396,-12.838,0.333,179.264,1.283,90/30,0.3602,0
MOVEL=23.304,-11.144,0.334,179.361,1.335,90/30,0.5079,0
MOVEL=24.084,-9.386,0.334,179.462,1.38,90/30,0.4737,0
MOVEL=24.59,-8.001,0.334,179.541,1.409,90/30,0.3466,0
MOVEL=24.979,-6.716,0.335,179.615,1.431,90/30,0.3061,0
MOVEL=25.301,-5.409,0.335,179.69,1.45,90/30,0.2989,0
MOVEL=25.552,-4.088,0.335,179.766,1.464,90/30,0.2915,0
MOVEL=25.735,-2.732,0.335,179.843,1.475,90/30,0.29,0
MOVEL=25.846,-1.368,0.335,179.922,1.481,90/30,0.284,0
MOVEL=25.882,0,0.335,180,1.483,90/30,0.2785,0
MOVEL=25.843,1.459,0.335,-179.916,1.481,90/30,0.2917,0
MOVEL=25.725,2.914,0.335,-179.833,1.474,90/30,0.2874,0
MOVEL=25.528,4.359,0.335,-179.75,1.463,90/30,0.2845,0
MOVEL=25.146,6.244,0.336,-179.642,1.441,90/30,0.3757,0
MOVEL=24.627,8.096,0.336,-179.536,1.411,90/30,0.3832,0
MOVEL=23.973,9.904,0.336,-179.432,1.374,90/30,0.3992,0
MOVEL=23.186,11.658,0.337,-179.332,1.329,90/30,0.4254,0
MOVEL=22.272,13.35,0.337,-179.235,1.276,90/30,0.4641,0
MOVEL=21.237,14.97,0.338,-179.142,1.217,90/30,0.5174,0
MOVEL=20.086,16.51,0.338,-179.054,1.151,90/30,0.5891,0
MOVEL=18.991,17.783,0.339,-178.981,1.088,90/30,0.5921,0
MOVEL=17.642,19.152,0.339,-178.902,1.011,90/30,0.7986,0
MOVEL=16.198,20.422,0.34,-178.83,0.928,90/30,0.987,0
MOVEL=14.975,21.364,0.34,-178.776,0.858,90/30,1,0
MOVEL=13.378,22.434,0.341,-178.714,0.767,90/30,1.6452,0
MOVEL=11.708,23.387,0.342,-178.66,0.671,90/30,2.462,0
MOVEL=10.314,24.066,0.343,-178.621,0.591,90/30,3.3466,0
MOVEL=8.534,24.794,0.344,-178.579,0.489,90/30,9.9235,0
MOVEL=6.706,25.39,0.345,-178.545,0.384,90/30,10,0
MOVEL=5.176,25.777,0.346,-178.523,0.297,90/30,10,0
MOVEL=3.837,26.036,0.346,-178.508,0.22,90/30,10,0
MOVEL=1.929,26.282,0.347,-178.494,0.111,90/30,10,0
MOVEL=0.009,26.386,0.348,-178.488,0.001,90/30,10,0
MOVEL=-1.913,26.349,0.349,-178.49,-0.11,90/30,10,0
MOVEL=-3.828,26.17,0.35,-178.5,-0.219,90/30,10,0
MOVEL=-5.724,25.854,0.351,-178.518,-0.328,90/30,10,0
MOVEL=-6.752,25.623,0.351,-178.532,-0.387,90/30,10,0
MOVEL=-8.602,25.098,0.352,-178.562,-0.493,90/30,6.2876,0
MOVEL=-10.223,24.516,0.353,-178.595,-0.586,90/30,2.7446,0
MOVEL=-11.562,23.942,0.354,-178.628,-0.663,90/30,1.5266,0
MOVEL=-12.865,23.295,0.354,-178.665,-0.737,90/30,1.131,0
MOVEL=-14.529,22.33,0.355,-178.72,-0.833,90/30,1.1224,0
MOVEL=-16.117,21.246,0.356,-178.782,-0.924,90/30,0.8657,0
MOVEL=-17.622,20.05,0.356,-178.851,-1.01,90/30,0.7067,0
MOVEL=-19.035,18.746,0.357,-178.926,-1.091,90/30,0.5988,0
MOVEL=-20.349,17.342,0.357,-179.006,-1.166,90/30,0.5204,0
MOVEL=-20.997,16.569,0.358,-179.05,-1.203,90/30,0.2488,0
MOVEL=-22.149,15.029,0.358,-179.139,-1.269,90/30,0.4388,0
MOVEL=-23.185,13.41,0.359,-179.231,-1.329,90/30,0.4024,0
MOVEL=-23.714,12.47,0.359,-179.285,-1.359,90/30,0.2136,0
MOVEL=-24.561,10.744,0.359,-179.384,-1.407,90/30,0.3631,0
MOVEL=-25.282,8.961,0.36,-179.486,-1.449,90/30,0.3459,0
MOVEL=-25.837,7.252,0.36,-179.584,-1.481,90/30,0.3126,0
MOVEL=-26.194,5.87,0.36,-179.664,-1.501,90/30,0.2434,0
MOVEL=-26.477,4.467,0.361,-179.744,-1.517,90/30,0.2407,0
MOVEL=-26.683,3.051,0.361,-179.825,-1.529,90/30,0.2378,0
MOVEL=-26.814,1.598,0.361,-179.908,-1.537,90/30,0.2399,0
MOVEL=-26.865,0.139,0.361,-179.992,-1.539,90/30,0.2377,0
MOVEL=-26.836,-1.317,0.361,179.925,-1.538,90/30,0.2356,0
MOVEL=-26.677,-3.235,0.361,179.815,-1.529,90/30,0.3113,0
MOVEL=-26.386,-5.136,0.361,179.706,-1.512,90/30,0.3145,0
MOVEL=-25.963,-7.012,0.362,179.598,-1.488,90/30,0.3229,0
MOVEL=-25.411,-8.853,0.362,179.493,-1.456,90/30,0.3377,0
MOVEL=-25.067,-9.81,0.362,179.438,-1.436,90/30,0.1872,0
MOVEL=-24.538,-11.095,0.363,179.364,-1.406,90/30,0.2681,0
MOVEL=-23.943,-12.352,0.363,179.292,-1.372,90/30,0.2846,0
MOVEL=-23.285,-13.577,0.363,179.222,-1.334,90/30,0.3034,0
MOVEL=-22.577,-14.747,0.364,179.155,-1.294,90/30,0.319,0
MOVEL=-21.81,-15.88,0.364,179.09,-1.25,90/30,0.3413,0
MOVEL=-20.989,-16.97,0.364,179.027,-1.203,90/30,0.3648,0
MOVEL=-19.74,-18.435,0.365,178.943,-1.131,90/30,0.5639,0
MOVEL=-18.392,-19.806,0.365,178.865,-1.054,90/30,0.6359,0
MOVEL=-17.233,-20.847,0.366,178.805,-0.988,90/30,0.5834,0
MOVEL=-15.724,-22.039,0.367,178.737,-0.901,90/30,0.8365,0
MOVEL=-14.136,-23.122,0.367,178.675,-0.81,90/30,1.032,0
MOVEL=-12.808,-23.91,0.368,178.63,-0.734,90/30,1.0562,0
MOVEL=-11.097,-24.787,0.369,178.58,-0.636,90/30,1.7861,0
MOVEL=-9.329,-25.543,0.37,178.536,-0.535,90/30,2.8442,0
MOVEL=-7.875,-26.059,0.371,178.507,-0.451,90/30,4.4866,0
MOVEL=-6.574,-26.445,0.371,178.485,-0.377,90/30,10,0
MOVEL=-5.256,-26.765,0.372,178.466,-0.301,90/30,10,0
MOVEL=-3.924,-27.019,0.373,178.452,-0.225,90/30,10,0
MOVEL=-2.017,-27.265,0.374,178.438,-0.116,90/30,10,0
MOVEL=-0.097,-27.374,0.375,178.431,-0.006,90/30,10,0
MOVEL=1.826,-27.347,0.376,178.433,0.105,90/30,10,0
MOVEL=3.741,-27.183,0.377,178.442,0.214,90/30,10,0
MOVEL=5.64,-26.882,0.377,178.46,0.323,90/30,10,0
MOVEL=7.514,-26.45,0.378,178.484,0.431,90/30,10,0
MOVEL=8.563,-26.147,0.379,178.502,0.491,90/30,10,0
MOVEL=9.964,-25.67,0.379,178.529,0.571,90/30,5.7073,0
MOVEL=11.339,-25.12,0.38,178.56,0.65,90/30,2.8213,0
MOVEL=12.68,-24.498,0.381,178.596,0.727,90/30,1.7962,0
MOVEL=14.372,-23.581,0.381,178.649,0.824,90/30,1.6047,0
MOVEL=15.994,-22.548,0.382,178.708,0.917,90/30,1.168,0
MOVEL=17.539,-21.404,0.383,178.773,1.005,90/30,0.9121,0
MOVEL=19,-20.154,0.384,178.845,1.089,90/30,0.7462,0
MOVEL=20.369,-18.804,0.384,178.922,1.167,90/30,0.6332,0
MOVEL=21.19,-17.896,0.385,178.974,1.214,90/30,0.36,0
MOVEL=22.395,-16.399,0.385,179.06,1.283,90/30,0.513,0
MOVEL=23.493,-14.82,0.386,179.151,1.346,90/30,0.4641,0
MOVEL=24.1,-13.831,0.386,179.207,1.381,90/30,0.2607,0
MOVEL=25.013,-12.139,0.387,179.304,1.433,90/30,0.4065,0
MOVEL=25.806,-10.387,0.387,179.405,1.479,90/30,0.3822,0
MOVEL=26.462,-8.622,0.387,179.506,1.516,90/30,0.3569,0
MOVEL=26.881,-7.237,0.388,179.585,1.54,90/30,0.2654,0
MOVEL=27.228,-5.83,0.388,179.666,1.56,90/30,0.2593,0
MOVEL=27.498,-4.407,0.388,179.747,1.576,90/30,0.2533,0
MOVEL=27.696,-2.945,0.388,179.831,1.587,90/30,0.2528,0
MOVEL=27.815,-1.474,0.388,179.916,1.594,90/30,0.2481,0
MOVEL=27.854,0,0.388,180,1.596,90/30,0.2436,0
MOVEL=27.813,1.565,0.388,-179.91,1.594,90/30,0.2544,0
MOVEL=27.686,3.127,0.388,-179.821,1.587,90/30,0.2515,0
MOVEL=27.475,4.677,0.388,-179.732,1.574,90/30,0.2494,0
MOVEL=27.098,6.563,0.389,-179.624,1.553,90/30,0.3078,0
MOVEL=26.593,8.418,0.389,-179.518,1.524,90/30,0.3133,0
MOVEL=25.963,10.235,0.389,-179.413,1.488,90/30,0.325,0
MOVEL=25.209,12.003,0.39,-179.312,1.445,90/30,0.3432,0
MOVEL=24.641,13.147,0.39,-179.246,1.412,90/30,0.2417,0
MOVEL=23.69,14.818,0.39,-179.151,1.358,90/30,0.3908,0
MOVEL=22.628,16.421,0.391,-179.059,1.297,90/30,0.4323,0
MOVEL=21.459,17.947,0.391,-178.971,1.23,90/30,0.4853,0
MOVEL=20.466,19.092,0.392,-178.906,1.173,90/30,0.43,0
MOVEL=19.122,20.466,0.392,-178.827,1.096,90/30,0.6238,0
MOVEL=17.689,21.748,0.393,-178.754,1.014,90/30,0.7425,0
MOVEL=16.173,22.931,0.394,-178.686,0.927,90/30,0.9142,0
MOVEL=14.58,24.009,0.395,-178.624,0.836,90/30,1.1795,0
MOVEL=12.919,24.977,0.395,-178.569,0.74,90/30,1.614,0
MOVEL=11.197,25.832,0.396,-178.52,0.642,90/30,2.4402,0
MOVEL=9.422,26.569,0.397,-178.477,0.54,90/30,4.4542,0
MOVEL=7.6,27.184,0.398,-178.442,0.436,90/30,10,0
MOVEL=5.74,27.672,0.399,-178.414,0.329,90/30,10,0
MOVEL=4.2,27.976,0.4,-178.397,0.241,90/30,10,0
MOVEL=2.293,28.229,0.401,-178.382,0.131,90/30,10,0
MOVEL=0.374,28.35,0.402,-178.375,0.021,90/30,10,0
MOVEL=-1.549,28.34,0.403,-178.376,-0.089,90/30,10,0
MOVEL=-3.466,28.199,0.404,-178.384,-0.199,90/30,10,0
MOVEL=-4.868,28.012,0.404,-178.395,-0.279,90/30,10,0
MOVEL=-6.756,27.648,0.405,-178.416,-0.387,90/30,10,0
MOVEL=-8.616,27.159,0.406,-178.444,-0.494,90/30,10,0
MOVEL=-10.438,26.547,0.407,-178.479,-0.598,90/30,10,0
MOVEL=-12.215,25.812,0.408,-178.521,-0.7,90/30,4.3753,0
MOVEL=-13.735,25.066,0.409,-178.564,-0.787,90/30,2.1665,0
MOVEL=-15.403,24.109,0.409,-178.618,-0.883,90/30,1.6455,0
MOVEL=-17.002,23.041,0.41,-178.68,-0.974,90/30,1.1983,0
MOVEL=-18.524,21.867,0.411,-178.747,-1.062,90/30,0.94,0
MOVEL=-19.349,21.158,0.411,-178.787,-1.109,90/30,0.4563,0
MOVEL=-20.737,19.828,0.412,-178.864,-1.188,90/30,0.7077,0
MOVEL=-22.033,18.407,0.412,-178.945,-1.263,90/30,0.6126,0
MOVEL=-23.23,16.902,0.413,-179.031,-1.331,90/30,0.5426,0
MOVEL=-24.322,15.32,0.413,-179.122,-1.394,90/30,0.4912,0
MOVEL=-25.304,13.667,0.414,-179.217,-1.45,90/30,0.4529,0
MOVEL=-26.174,11.953,0.414,-179.315,-1.5,90/30,0.4231,0
MOVEL=-26.685,10.788,0.414,-179.382,-1.529,90/30,0.2668,0
MOVEL=-27.359,8.988,0.415,-179.485,-1.568,90/30,0.389,0
MOVEL=-27.687,7.946,0.415,-179.545,-1.587,90/30,0.2156,0
MOVEL=-28.078,6.468,0.415,-179.629,-1.609,90/30,0.2969,0
MOVEL=-28.389,4.97,0.415,-179.715,-1.627,90/30,0.2925,0
MOVEL=-28.619,3.457,0.416,-179.802,-1.64,90/30,0.289,0
MOVEL=-28.769,1.905,0.416,-179.891,-1.649,90/30,0.2909,0
MOVEL=-28.834,0.346,0.416,-179.98,-1.652,90/30,0.2881,0
MOVEL=-28.814,-1.211,0.416,179.931,-1.651,90/30,0.2853,0
MOVEL=-28.673,-3.13,0.416,179.821,-1.643,90/30,0.3521,0
MOVEL=-28.522,-4.319,0.416,179.752,-1.634,90/30,0.2203,0
MOVEL=-28.18,-6.211,0.416,179.644,-1.615,90/30,0.3591,0
MOVEL=-27.903,-7.386,0.417,179.577,-1.599,90/30,0.2312,0
MOVEL=-27.363,-9.231,0.417,179.471,-1.568,90/30,0.3832,0
MOVEL=-26.965,-10.362,0.417,179.406,-1.545,90/30,0.2515,0
MOVEL=-26.404,-11.75,0.418,179.327,-1.513,90/30,0.332,0
MOVEL=-25.77,-13.108,0.418,179.249,-1.477,90/30,0.356,0
MOVEL=-25.068,-14.431,0.418,179.173,-1.437,90/30,0.3827,0
MOVEL=-24.312,-15.693,0.419,179.101,-1.393,90/30,0.4055,0
MOVEL=-23.492,-16.917,0.419,179.03,-1.346,90/30,0.439,0
MOVEL=-22.612,-18.096,0.419,178.963,-1.296,90/30,0.4752,0
MOVEL=-21.374,-19.568,0.42,178.879,-1.225,90/30,0.6882,0
MOVEL=-20.042,-20.955,0.42,178.799,-1.149,90/30,0.7836,0
MOVEL=-18.623,-22.253,0.421,178.725,-1.067,90/30,0.9124,0
MOVEL=-17.124,-23.456,0.422,178.656,-0.981,90/30,1.1035,0
MOVEL=-15.548,-24.559,0.423,178.593,-0.891,90/30,1.4155,0
MOVEL=-13.905,-25.556,0.423,178.535,-0.797,90/30,1.9824,0
MOVEL=-12.2,-26.445,0.424,178.485,-0.699,90/30,3.2726,0
MOVEL=-11.24,-26.887,0.425,178.459,-0.644,90/30,3.458,0
MOVEL=-9.455,-27.601,0.426,178.418,-0.542,90/30,10,0
MOVEL=-7.627,-28.198,0.427,178.384,-0.437,90/30,10,0
MOVEL=-5.764,-28.672,0.428,178.357,-0.33,90/30,10,0
MOVEL=-4.287,-28.958,0.429,178.341,-0.246,90/30,10,0
MOVEL=-2.38,-29.211,0.43,178.326,-0.136,90/30,10,0
MOVEL=-0.462,-29.337,0.431,178.319,-0.026,90/30,10,0
MOVEL=1.461,-29.336,0.431,178.319,0.084,90/30,10,0
MOVEL=3.379,-29.207,0.432,178.326,0.194,90/30,10,0
MOVEL=4.656,-29.049,0.433,178.335,0.267,90/30,10,0
MOVEL=6.549,-28.709,0.434,178.355,0.375,90/30,10,0
MOVEL=8.415,-28.247,0.434,178.381,0.482,90/30,10,0
MOVEL=10.248,-27.664,0.435,178.415,0.587,90/30,10,0
MOVEL=12.039,-26.966,0.436,178.455,0.69,90/30,3.7047,0
MOVEL=13.569,-26.259,0.437,178.495,0.778,90/30,1.8425,0
MOVEL=15.262,-25.345,0.438,178.548,0.875,90/30,1.4272,0
MOVEL=16.891,-24.323,0.439,178.606,0.968,90/30,1.0514,0
MOVEL=18.449,-23.197,0.439,178.671,1.057,90/30,0.8295,0
MOVEL=19.411,-22.42,0.44,178.715,1.113,90/30,0.4538,0
MOVEL=20.839,-21.132,0.441,178.789,1.194,90/30,0.6149,0
MOVEL=22.179,-19.753,0.441,178.868,1.271,90/30,0.5344,0
MOVEL=23.426,-18.29,0.442,178.952,1.343,90/30,0.4757,0
MOVEL=24.117,-17.389,0.442,179.003,1.382,90/30,0.2592,0
MOVEL=25.205,-15.803,0.443,179.094,1.444,90/30,0.4084,0
MOVEL=25.801,-14.829,0.443,179.15,1.479,90/30,0.2275,0
MOVEL=26.718,-13.139,0.443,179.247,1.531,90/30,0.3622,0
MOVEL=27.214,-12.1,0.444,179.306,1.56,90/30,0.2064,0
MOVEL=27.95,-10.324,0.444,179.408,1.602,90/30,0.3313,0
MOVEL=28.333,-9.246,0.444,179.47,1.624,90/30,0.1906,0
MOVEL=28.783,-7.761,0.444,179.555,1.649,90/30,0.2524,0
MOVEL=29.154,-6.252,0.445,179.642,1.671,90/30,0.2466,0
MOVEL=29.445,-4.726,0.445,179.729,1.687,90/30,0.2411,0
MOVEL=29.657,-3.159,0.445,179.819,1.699,90/30,0.2405,0
MOVEL=29.784,-1.581,0.445,179.909,1.707,90/30,0.2364,0
MOVEL=29.826,0,0.445,180,1.709,90/30,0.2323,0
MOVEL=29.765,1.922,0.445,-179.89,1.706,90/30,0.2781,0
MOVEL=29.581,3.836,0.445,-179.78,1.695,90/30,0.275,0
MOVEL=29.306,5.586,0.445,-179.68,1.679,90/30,0.2527,0
MOVEL=28.893,7.464,0.445,-179.572,1.656,90/30,0.2768,0
MOVEL=28.361,9.311,0.446,-179.466,1.625,90/30,0.2833,0
MOVEL=27.769,10.975,0.446,-179.371,1.591,90/30,0.2701,0
MOVEL=27.016,12.745,0.446,-179.269,1.548,90/30,0.3096,0
MOVEL=26.153,14.463,0.447,-179.171,1.499,90/30,0.3312,0
MOVEL=25.263,15.998,0.447,-179.083,1.448,90/30,0.3308,0
MOVEL=24.509,17.155,0.448,-179.017,1.405,90/30,0.2783,0
MOVEL=23.704,18.278,0.448,-178.952,1.358,90/30,0.3003,0
MOVEL=22.85,19.362,0.449,-178.89,1.31,90/30,0.3256,0
MOVEL=21.579,20.806,0.449,-178.808,1.237,90/30,0.5051,0
MOVEL=20.219,22.165,0.45,-178.73,1.159,90/30,0.5824,0
MOVEL=18.775,23.434,0.451,-178.657,1.076,90/30,0.6903,0
MOVEL=17.252,24.608,0.452,-178.59,0.989,90/30,0.8455,0
MOVEL=15.656,25.681,0.452,-178.528,0.897,90/30,1.0829,0
MOVEL=13.996,26.651,0.453,-178.473,0.802,90/30,1.4836,0
MOVEL=12.277,27.512,0.454,-178.423,0.704,90/30,2.2504,0
MOVEL=10.506,28.262,0.455,-178.38,0.602,90/30,4.191,0
MOVEL=8.967,28.811,0.455,-178.349,0.514,90/30,10,0
MOVEL=7.121,29.35,0.456,-178.318,0.408,90/30,10,0
MOVEL=5.245,29.772,0.457,-178.294,0.301,90/30,10,0
MOVEL=3.985,29.986,0.458,-178.282,0.228,90/30,10,0
MOVEL=2.076,30.21,0.459,-178.269,0.119,90/30,10,0
MOVEL=0.156,30.314,0.46,-178.263,0.009,90/30,10,0
MOVEL=-1.116,30.317,0.46,-178.263,-0.064,90/30,10,0
MOVEL=-3.036,30.219,0.461,-178.268,-0.174,90/30,10,0
MOVEL=-4.946,30.001,0.462,-178.281,-0.284,90/30,10,0
MOVEL=-6.235,29.783,0.463,-178.293,-0.357,90/30,10,0
MOVEL=-8.112,29.364,0.464,-178.317,-0.465,90/30,10,0
MOVEL=-9.957,28.824,0.465,-178.348,-0.571,90/30,10,0
MOVEL=-11.221,28.379,0.466,-178.374,-0.643,90/30,10,0
MOVEL=-12.432,27.891,0.466,-178.402,-0.713,90/30,10,0
MOVEL=-13.641,27.341,0.467,-178.433,-0.782,90/30,10,0
MOVEL=-14.824,26.737,0.467,-178.468,-0.85,90/30,6.6065,0
MOVEL=-15.977,26.083,0.468,-178.505,-0.916,90/30,2.9204,0
MOVEL=-17.597,25.045,0.469,-178.565,-1.009,90/30,2.4583,0
MOVEL=-19.147,23.907,0.469,-178.63,-1.097,90/30,1.6367,0
MOVEL=-20.434,22.841,0.47,-178.691,-1.171,90/30,1.0875,0
MOVEL=-21.841,21.53,0.47,-178.766,-1.252,90/30,1.0151,0
MOVEL=-23.162,20.134,0.471,-178.846,-1.327,90/30,0.8434,0
MOVEL=-24.251,18.835,0.472,-178.92,-1.39,90/30,0.6441,0
MOVEL=-25.089,17.724,0.472,-178.984,-1.438,90/30,0.4772,0
MOVEL=-25.866,16.591,0.472,-179.049,-1.482,90/30,0.4359,0
MOVEL=-26.59,15.422,0.473,-179.116,-1.524,90/30,0.407,0
MOVEL=-27.259,14.224,0.473,-179.185,-1.562,90/30,0.3812,0
MOVEL=-28.105,12.495,0.473,-179.284,-1.611,90/30,0.5012,0
MOVEL=-28.838,10.717,0.473,-179.386,-1.653,90/30,0.4701,0
MOVEL=-29.365,9.197,0.474,-179.473,-1.683,90/30,0.3767,0
MOVEL=-29.889,7.347,0.474,-179.579,-1.713,90/30,0.4375,0
MOVEL=-30.295,5.468,0.474,-179.687,-1.736,90/30,0.4274,0
MOVEL=-30.544,3.874,0.474,-179.778,-1.75,90/30,0.3526,0
MOVEL=-30.732,1.961,0.474,-179.888,-1.761,90/30,0.4139,0
MOVEL=-30.8,0.04,0.474,-179.998,-1.765,90/30,0.4084,0
MOVEL=-30.765,-1.589,0.475,179.909,-1.763,90/30,0.3435,0
MOVEL=-30.667,-2.969,0.475,179.83,-1.757,90/30,0.2914,0
MOVEL=-30.507,-4.346,0.475,179.751,-1.748,90/30,0.2933,0
MOVEL=-30.286,-5.712,0.475,179.673,-1.736,90/30,0.2958,0
MOVEL=-29.877,-7.592,0.475,179.565,-1.712,90/30,0.4218,0
MOVEL=-29.355,-9.442,0.476,179.459,-1.682,90/30,0.4414,0
MOVEL=-28.721,-11.258,0.476,179.355,-1.646,90/30,0.4726,0
MOVEL=-27.978,-13.031,0.476,179.253,-1.603,90/30,0.515,0
MOVEL=-27.129,-14.756,0.477,179.154,-1.555,90/30,0.5687,0
MOVEL=-26.175,-16.425,0.478,179.059,-1.5,90/30,0.6339,0
MOVEL=-25.119,-18.032,0.478,178.966,-1.44,90/30,0.7128,0
MOVEL=-24.163,-19.321,0.479,178.893,-1.385,90/30,0.6659,0
MOVEL=-23.325,-20.344,0.479,178.834,-1.337,90/30,0.6071,0
MOVEL=-22.031,-21.767,0.48,178.752,-1.263,90/30,1.0075,0
MOVEL=-20.651,-23.106,0.48,178.676,-1.184,90/30,1.2153,0
MOVEL=-19.192,-24.358,0.481,178.604,-1.1,90/30,1.5335,0
MOVEL=-17.641,-25.496,0.481,178.539,-1.011,90/30,2.1039,0
MOVEL=-16.044,-26.564,0.482,178.478,-0.92,90/30,3.4219,0
MOVEL=-14.384,-27.531,0.483,178.422,-0.824,90/30,9.2713,0
MOVEL=-12.659,-28.385,0.483,178.373,-0.726,90/30,10,0
MOVEL=-10.891,-29.142,0.484,178.33,-0.624,90/30,10,0
MOVEL=-9.581,-29.635,0.485,178.302,-0.549,90/30,10,0
MOVEL=-7.737,-30.195,0.486,178.27,-0.444,90/30,10,0
MOVEL=-5.87,-30.647,0.487,178.244,-0.336,90/30,10,0
MOVEL=-4.595,-30.891,0.488,178.23,-0.263,90/30,10,0
MOVEL=-2.689,-31.148,0.489,178.215,-0.154,90/30,10,0
MOVEL=-0.775,-31.291,0.49,178.207,-0.044,90/30,10,0
MOVEL=0.543,-31.318,0.491,178.205,0.031,90/30,10,0
MOVEL=1.848,-31.29,0.491,178.207,0.106,90/30,10,0
MOVEL=3.151,-31.207,0.492,178.212,0.181,90/30,10,0
MOVEL=4.449,-31.069,0.493,178.22,0.255,90/30,10,0
MOVEL=6.346,-30.765,0.494,178.237,0.364,90/30,10,0
MOVEL=8.221,-30.344,0.494,178.261,0.471,90/30,10,0
MOVEL=10.065,-29.806,0.495,178.292,0.577,90/30,10,0
MOVEL=11.879,-29.161,0.496,178.329,0.681,90/30,10,0
MOVEL=13.642,-28.399,0.496,178.372,0.782,90/30,3.3549,0
MOVEL=15.355,-27.53,0.497,178.422,0.88,90/30,1.8205,0
MOVEL=17.011,-26.547,0.497,178.479,0.975,90/30,1.2309,0
MOVEL=18.595,-25.459,0.497,178.541,1.066,90/30,0.9216,0
MOVEL=20.109,-24.278,0.497,178.609,1.153,90/30,0.7359,0
MOVEL=21.551,-23.007,0.497,178.681,1.235,90/30,0.6151,0
MOVEL=22.913,-21.651,0.497,178.759,1.313,90/30,0.5311,0
MOVEL=24.19,-20.216,0.497,178.841,1.386,90/30,0.4691,0
MOVEL=25.38,-18.703,0.497,178.928,1.455,90/30,0.4231,0
MOVEL=26.408,-17.222,0.497,179.013,1.513,90/30,0.3628,0
MOVEL=27.41,-15.583,0.497,179.107,1.571,90/30,0.3576,0
MOVEL=28.223,-14.064,0.497,179.194,1.617,90/30,0.3001,0
MOVEL=29.031,-12.318,0.497,179.294,1.664,90/30,0.3169,0
MOVEL=29.664,-10.717,0.498,179.386,1.7,90/30,0.2709,0
MOVEL=30.265,-8.888,0.498,179.491,1.734,90/30,0.2922,0
MOVEL=30.706,-7.225,0.498,179.586,1.76,90/30,0.2532,0
MOVEL=31.092,-5.344,0.498,179.694,1.782,90/30,0.2754,0
MOVEL=31.339,-3.637,0.498,179.792,1.796,90/30,0.2418,0
MOVEL=31.504,-1.723,0.498,179.901,1.805,90/30,0.2641,0
MOVEL=31.552,0,0.498,180,1.808,90/30,0.2329,0
MOVEL=31.492,1.921,0.498,-179.89,1.805,90/30,0.256,0
MOVEL=31.314,3.835,0.498,-179.78,1.794,90/30,0.2537,0
MOVEL=31.019,5.735,0.498,-179.671,1.778,90/30,0.2535,0
MOVEL=30.611,7.609,0.498,-179.564,1.754,90/30,0.2554,0
MOVEL=30.13,9.324,0.498,-179.466,1.727,90/30,0.2423,0
MOVEL=29.504,11.143,0.497,-179.361,1.691,90/30,0.2708,0
MOVEL=28.769,12.917,0.497,-179.26,1.649,90/30,0.2838,0
MOVEL=27.926,14.644,0.497,-179.161,1.6,90/30,0.3024,0
MOVEL=26.979,16.317,0.497,-179.065,1.546,90/30,0.3266,0
MOVEL=26.011,17.813,0.497,-178.979,1.491,90/30,0.3301,0
MOVEL=24.875,19.364,0.497,-178.89,1.426,90/30,0.3929,0
MOVEL=23.647,20.844,0.497,-178.805,1.355,90/30,0.4403,0
MOVEL=22.333,22.247,0.497,-178.725,1.28,90/30,0.5005,0
MOVEL=20.937,23.568,0.497,-178.649,1.2,90/30,0.5804,0
MOVEL=19.573,24.715,0.497,-178.584,1.122,90/30,0.6372,0
MOVEL=18.031,25.863,0.497,-178.518,1.034,90/30,0.8427,0
MOVEL=16.423,26.914,0.497,-178.458,0.941,90/30,1.0901,0
MOVEL=14.755,27.865,0.497,-178.403,0.846,90/30,1.5174,0
MOVEL=13.031,28.715,0.497,-178.354,0.747,90/30,2.3995,0
MOVEL=11.389,29.409,0.497,-178.315,0.653,90/30,4.5185,0
MOVEL=9.574,30.053,0.498,-178.278,0.549,90/30,10,0
MOVEL=7.727,30.585,0.498,-178.247,0.443,90/30,10,0
MOVEL=5.853,31.001,0.498,-178.223,0.336,90/30,10,0
MOVEL=3.956,31.3,0.498,-178.206,0.227,90/30,10,0
MOVEL=2.181,31.474,0.498,-178.196,0.125,90/30,10,0
MOVEL=0.262,31.548,0.498,-178.192,0.015,90/30,10,0
MOVEL=-1.659,31.506,0.498,-178.195,-0.095,90/30,10,0
MOVEL=-3.574,31.346,0.498,-178.204,-0.205,90/30,10,0
MOVEL=-5.475,31.07,0.498,-178.22,-0.314,90/30,10,0
MOVEL=-7.22,30.71,0.498,-178.24,-0.414,90/30,10,0
MOVEL=-9.074,30.21,0.498,-178.269,-0.52,90/30,10,0
MOVEL=-10.896,29.597,0.497,-178.304,-0.625,90/30,10,0
MOVEL=-12.678,28.874,0.497,-178.345,-0.727,90/30,10,0
MOVEL=-14.412,28.045,0.497,-178.393,-0.826,90/30,10,0
MOVEL=-15.971,27.185,0.497,-178.442,-0.915,90/30,10,0
MOVEL=-17.598,26.16,0.497,-178.501,-1.009,90/30,4.82,0
MOVEL=-19.16,25.038,0.497,-178.565,-1.098,90/30,2.429,0
MOVEL=-20.649,23.823,0.497,-178.635,-1.184,90/30,1.6278,0
MOVEL=-22.061,22.519,0.497,-178.709,-1.264,90/30,1.2281,0
MOVEL=-23.298,21.235,0.497,-178.783,-1.335,90/30,0.9206,0
MOVEL=-24.549,19.776,0.497,-178.867,-1.407,90/30,0.8354,0
MOVEL=-25.71,18.245,0.497,-178.954,-1.473,90/30,0.7223,0
MOVEL=-26.777,16.645,0.497,-179.046,-1.535,90/30,0.6414,0
MOVEL=-27.746,14.983,0.497,-179.141,-1.59,90/30,0.5802,0
MOVEL=-28.551,13.393,0.497,-179.232,-1.636,90/30,0.4942,0
MOVEL=-29.316,11.631,0.497,-179.333,-1.68,90/30,0.4965,0
MOVEL=-29.971,9.826,0.498,-179.437,-1.718,90/30,0.4698,0
MOVEL=-30.516,7.982,0.498,-179.542,-1.749,90/30,0.4529,0
MOVEL=-30.948,6.108,0.498,-179.65,-1.774,90/30,0.4409,0
MOVEL=-31.246,4.352,0.498,-179.751,-1.791,90/30,0.4003,0
MOVEL=-31.456,2.444,0.498,-179.86,-1.803,90/30,0.4242,0
MOVEL=-31.549,0.524,0.498,-179.97,-1.808,90/30,0.4184,0
MOVEL=-31.522,-1.396,0.498,179.92,-1.806,90/30,0.414,0
MOVEL=-31.376,-3.312,0.498,179.81,-1.798,90/30,0.4137,0
MOVEL=-31.136,-5.077,0.498,179.709,-1.784,90/30,0.3864,0
MOVEL=-30.766,-6.963,0.498,179.601,-1.763,90/30,0.4252,0
MOVEL=-30.282,-8.822,0.498,179.494,-1.735,90/30,0.4413,0
MOVEL=-29.687,-10.648,0.497,179.39,-1.701,90/30,0.4681,0
MOVEL=-28.981,-12.437,0.497,179.287,-1.661,90/30,0.5072,0
MOVEL=-28.229,-14.056,0.497,179.194,-1.618,90/30,0.5158,0
MOVEL=-27.318,-15.747,0.497,179.097,-1.566,90/30,0.6146,0
MOVEL=-26.305,-17.379,0.497,179.004,-1.508,90/30,0.6888,0
MOVEL=-25.195,-18.948,0.497,178.914,-1.444,90/30,0.7806,0
MOVEL=-23.991,-20.448,0.497,178.828,-1.375,90/30,0.8925,0
MOVEL=-22.797,-21.771,0.497,178.752,-1.307,90/30,0.9567,0
MOVEL=-21.429,-23.121,0.497,178.675,-1.228,90/30,1.2406,0
MOVEL=-19.981,-24.386,0.497,178.602,-1.145,90/30,1.5702,0
MOVEL=-19.294,-24.935,0.497,178.571,-1.106,90/30,0.6112,0
MOVEJ=-18.329,-23.688,50.472,178.571,-1.106,90/40,40
12_1=END



