PRODUCTID=1233#
TOOL=0,0,100,0,0,0
HOME=0.276,2.775,3.491,7.07,5.194,2.151
FRAME=0,0,0,0,0,0
OFFSET=0,0,0,0,0,0
TOTALTRAJS=1

1233#_1=BEGIN
BYPASS=FALSE
WORKPLACE=0,0
MOVEJ=-136.335,-26.543,-95.605,180.532,60.846,-416.748/300,15
MOVEJ=-127.214,-45.216,-68.869,181,68.8,-407.739/300,15
MOVEL=765.049,978.055,-14.307,178.268,-2.486,79.822/1,100
MOVEL=771.347,966.268,-21.504,-152.06,-2.485,79.822/1,100
MOVEL=798.961,977.898,-24.956,-152.137,-19.766,88.74/1,100
MOVEL=798.961,980.44,-24.979,30.008,-150.598,-85.447/1,100
MOVEL=798.961,980.44,-24.979,-164.165,-21.529,44.034/1,100
MOVEL=798.795,982.085,-18.765,-164.72,-21.917,42.535/1,100
MOVEL=749.667,1033.33,-21.512,160.981,5.251,-35.34/1,100
MOVEL=742.188,990.249,-21.531,-6.612,175.46,-78.676/1,100
MOVEJ=-125.576,-42.907,-72.509,171.839,67.526,-381.197/300,15
MOVEJ=-125.576,-40.108,-70.528,172.084,72.258,-381.909/300,15
1233#_1=END



