  0   
  0   
  0   
  0   
  0   
  0   
  0   
  0   
  0   
  0   
  0   
  0   
  0   
  7.4 
  7.4 
  7.4 
  7.4 
  7.4 
  7.4 
  7.4 
  7.4 
  7.88
  8.83
  9.62
  9.65
  9.23
  8.69
  8.07
  7.4 
  6.71
  6.04
  5.43
  4.95
  4.64
  4.47
  4.37
  4.3 
  4.24
  4.17
  4.1 
  4   
  3.89
  3.77
  3.61
  3.42
  3.2 
  2.95
  2.69
  2.43
  2.23
  2.15
  2.22
  2.48
  2.89
  3.36
  3.84
  4.31
  4.74
  5.08
  5.3 
  5.41
  5.41
  5.3 
  4.66
  4.62
  5.56
  4.86
  6.31
  4.77
  4.63
  4.95
  5.41
  5.72
  5.78
  5.81
  5.17
  5.3 
  5.61
  6.21
  5.34
  6.14
  6.52
  5.6 
  6.04
  5.37
  4.4 
  4.37
  4.34
  4.25
  4.29
  4.65
  4.89
  4.67
  4.7 
  4.8 
  4.63
  4.71
  4.64
  4.79
  4.83
  4.92
  4.75
  4.6 
  4.71
  4.64
  4.71
  4.67
  4.75
  5.14
  5.2 
  5.64
  6.12
  6.76
  7.18
  7.22
  7.76
  8.78
  9.45
 10.52
 12.85
 11.75
 10.01
  9.02
  8.75
  8.19
  8.01
  7.33
  7.1 
  7.03
  7.02
  7.3 
  7.22
  7.4 
  7.26
  7.51
  7.27
  7.42
  7.21
  7.22
  7.19
  7   
  6.61
  6.12
  6.46
  6.86
  7.39
  8.18
  9.32
 10.67
 13.03
 15.74
 20.15
 25.16
 31.25
 34.65
 34.49
 22.94
 17.19
 18.94
 17.37
 11.43
  6.01
  5.58
  5.36
  5.3 
  5.26
  5.25
  5.22
  5.1 
  5.1 
  5.18
  5.22
  5.18
  5.17
  5.13
  5.09
  4.73
  6.57
  9.52
 10.26
  8.37
  6.85
  8.52
 11.29
 16.94
 23.13
 28.35
 32.3 
 39.78
 48.2 
 57.51
 63.19
 68.23
 72.35
 75.92
 78.92
 81.15
 82.14
 80.2 
 72.92
 50.31
 25.14
 12.53
 10.19
  9.39
  8.43
 11.45
 12.08
  9.18
 10.25
 10.03
  8   
  6.85
  6.97
  7.01
  6.94
  6.99
  6.95
  6.93
  6.74
  6.6 
  6.52
 10.42
 12.33
 13.57
 15.67
 15   
 13.1 
 14.56
 18.67
 24.1 
 29.83
 34.38
 41.96
 47.51
 53.45
 59.59
 65.5 
 70.73
 75.12
 78.73
 81.77
 84.21
 86.2 
 87.7 
 88.62
 88.67
 88.51
 88.64
 88.48
 88.62
 88.55
 85.84
 81.56
 76.45
 68.07
 46   
 22.05
 16.71
 14.17
 12.83
 11.57
 10.58
  9.88
  9.46
  9.15
  8.99
  8.98
  9.01
  9.14
  9.12
  9.13
  9.14
  9.32
  9.1 
  9.11
  9.4 
 12.7 
 15.38
 14.61
 16.8 
 22.91
 26.88
 31.82
 37.93
 42.81
 47.75
 53.11
 58.94
 65.03
 70.83
 76.29
 80.84
 84.37
 87.03
 89   
 90.36
 91.14
 91.52
 91.66
 91.61
 91.53
 91.52
 91.02
 90.52
 90.29
 90.16
 90   
 89.97
 89.63
 89.27
 89.23
 89.23
 89.37
 88.3 
 84.82
 80.27
 75.13
 58.17
 29.94
 20.44
 16.37
 14.14
 12.93
 12.1 
 11.72
 11.42
 11.46
 11.46
 11.41
 11.34
 11.5 
 11.66
 11.68
 11.93
 12.51
 15.19
 15.04
 16.57
 18.56
 24.09
 25.99
 31.57
 38.71
 47.17
 52.65
 58.05
 63.72
 69.74
 75.55
 80.99
 85.1 
 88.54
 90.88
 92.33
 93.28
 93.33
 93.31
 93.26
 93.21
 93.24
 93.09
 93.1 
 93.07
 93.04
 92.78
 92.5 
 92.36
 92.2 
 92.1 
 91.91
 91.82
 91.75
 91.86
 91.98
 91.97
 92.09
 91.67
 84.52
 67.55
 29.96
 16.58
 12.06
  9.77
  8.51
  7.72
  7.27
  6.93
  6.79
  6.79
  6.85
  6.87
  6.71
  7.09
  7   
  7.12
  7.48
  8.09
  8.87
  9.98
 11.47
 13.68
 16.86
 21.97
 28.26
 37.32
 42.79
 52.28
 59.09
 65.6 
 74.23
 79.59
 84.29
 89.53
 91.82
 93.45
 94.42
 94.45
 94.57
 94.52
 94.44
 94.39
 94.44
 94.41
 94.14
 94.05
 93.99
 93.92
 93.91
 93.88
 93.63
 93.4 
 93.17
 93.32
 93.33
 93.31
 93.15
 92.91
 92.99
 93.07
 93.14
 92.56
 92.34
 92.37
 88.64
 83.02
 76.61
 69.86
 63.12
 55.94
 48.53
 18.01
 11.26
  9.7 
  9.91
  7.98
  6.52
  5.61
  5.02
  5.24
  5.39
  5.07
  3.76
  2.73
  2.58
  2.58
  2.6 
  2.46
  3.68
  4.7 
  4.9 
  5.32
  4.07
  3.06
  3.3 
  5.17
  8.1 
  9.58
 11.69
 15.09
 19.75
 28.11
 36.93
 45.78
 55.4 
 62.08
 70.84
 76.43
 83.98
 87.58
 91.67
 93.29
 94.12
 94.86
 89.57
 82.92
 71.31
 50.01
 31.37
 20.32
 16.48
 15.34
 14.45
 13.86
 13.68
 13.15
 13.5 
 16.43
 18.28
 19.43
 21.81
 25.03
 31.39
 38.6 
 48.3 
 58.27
 64.53
 73.94
 79.28
 84.46
 88.88
 91.4 
 93.39
 94.25
 94.28
 94.26
 90.61
 82.42
 57.88
 16.43
  9.74
  9.33
  7.91
  6.46
  5.42
  4.78
  4.33
  4.33
  4.24
  3.98
  3.85
  2.67
  2.22
  2.22
  2.21
  2.12
  3.06
  3.65
  3.81
  2.36
  2.15
  2.39
  2.63
  2.77
  2.88
  3.06
  4.87
  6.48
  7.54
  9.13
 11.56
 15.18
 18.8 
 23.43
 30.93
 38.67
 48.5 
 55.81
 63.13
 70.43
 76.66
 82.19
 86.54
 90.16
 92.66
 92.55
 90.51
 82.63
 57.38
 21.11
 18.82
 13.31
 13.9 
 11.89
  5.16
  5.67
  5.83
  5.7 
  5.53
  5.33
  5.45
  5.47
  5.34
  6.27
  7.6 
  7.88
  8.32
  9.14
 10.54
 12.82
 16.99
 23.07
 30.53
 34.16
 43.87
 53.03
 59.34
 64.91
 70.23
 75.36
 80.46
 84.99
 88.69
 91.38
 93.1 
 87.37
 62.22
 18.38
  9.79
  8.65
  8.46
  6.62
  5.4 
  4.62
  4.12
  3.88
  3.67
  2.11
  3.46
  3.01
  2.13
  2.09
  2.11
  2.09
  2.08
  3.22
  3.27
  2   
  3.5 
  3.38
  2.48
  2.57
  2.65
  2.82
  2.92
  5.52
  6.27
  7.25
  5.38
  9.39
 12.41
 16.58
 18.54
 26.06
 35.11
 44.24
 50.74
 57.77
 65.14
 72.21
 78.39
 83.25
 87.25
 89.69
 87.77
 83.95
 74.83
 44.37
 20.43
 12.34
 11.13
  7.37
  8.18
  7.47
  4.77
  6.54
  5.72
  4.06
  3.74
  3.71
  3.62
  3.54
  3.71
  3.65
  3.6 
  5.14
  5.25
  5.52
  5.98
  6.68
  7.53
  8.85
 10.63
  9.65
 13.46
 20.75
 23.87
 30.65
 39.98
 48.27
 54.64
 61.03
 67.77
 74.36
 80.33
 85.19
 89.01
 91.58
 83.3 
 55.8 
 18.08
 10.07
  9.7 
  7.78
  6.32
  5.37
  4.69
  4.2 
  3.84
  2.14
  3.47
  3.31
  2.33
  2.18
  2.16
  2.13
  2.15
  2.13
  2.12
  3.01
  3.05
  2.52
  3.27
  3.49
  2.78
  2.67
  2.77
  2.95
  3.14
  5.26
  5.92
  4.17
  7.41
  8.94
  7.61
 11.91
 17.78
 20.01
 28.11
 37.4 
 43.4 
 50.38
 61.33
 68.59
 75.48
 81.46
 86.23
 89.04
 88.13
 84.63
 76.34
 45.63
 19.69
 12.85
  9.61
  7.83
  6.73
  5.95
  3.78
  5.08
  4.74
  3.47
  3.03
  2.97
  2.91
  2.9 
  2.84
  2.78
  2.92
  2.87
  2.84
  3.76
  3.83
  3.99
  4.25
  4.64
  5.17
  5.89
  5.88
  7.78
  9.46
  9.68
 13.58
 19.34
 24.29
 32.67
 40.1 
 48.77
 55.24
 62.09
 71.6 
 77.61
 85.49
 89.37
 90.97
 88.34
 70.64
 32.66
 13.04
 11.07
  8.76
  7.08
  5.99
  5.2 
  2.96
  4.39
  4.02
  2.31
  3.63
  3.46
  3.12
  2.43
  2.41
  2.38
  2.4 
  2.38
  2.36
  3.11
  3.14
  3.23
  3.37
  1.99
  2.68
  2.84
  3.03
  3.18
  3.39
  3.59
  5.64
  6.34
  5.79
  8.12
  9.84
 10.21
 14.21
 20.88
 26.61
 34.01
 41.99
 48.14
 54.9 
 61.5 
 71.18
 77.22
 84.69
 89.07
 90.4 
 87.85
 73.1 
 39.74
 16.47
 12.53
  9.26
  7.48
  6.33
  3.85
  5.13
  4.64
  2.74
  4.06
  3.82
  3.57
  2.65
  2.59
  2.53
  2.53
  2.48
  2.44
  2.54
  2.51
  2.49
  3.08
  3.13
  3.25
  3.43
  2.43
  3.91
  4.32
  4.85
  4.29
  6.23
  7.33
  8.86
 10.91
 14.17
 19.18
 27.18
 35.55
 44.08
 53.52
 60.4 
 70.48
 76.27
 81.33
 88.37
 91.72
 94.34
 94.68
 85.16
 57.49
 18.93
 12.92
  9.59
  6.15
  7.02
  6.12
  5.42
  4.91
  4.53
  4.23
  2.7 
  3.89
  2.27
  2.97
  2.92
  2.89
  2.91
  2.88
  2.85
  3.52
  2.23
  3.59
  2.35
  3.83
  2.56
  3.32
  3.56
  3.82
  4.04
  4.35
  4.69
  6.81
  7.74
  8.85
 10.49
 12.81
 16.79
 22.58
 26.88
 35.23
 43.14
 52.41
 58.48
 64.66
 73.89
 79.88
 87.41
 91.06
 93.91
 95.8 
 95.09
 80.97
 48.08
 15.63
 10.95
  8.37
  5.12
  6.14
  5.34
  4.76
  2.78
  4.08
  2.37
  3.62
  2.12
  3.31
  1.94
  2.52
  2.47
  2.41
  2.4 
  2.36
  2.32
  2.78
  2.75
  2.53
  2.77
  2.83
  2.7 
  3.1 
  3.31
  3.31
  2.78
  2.99
  3.24
  5.05
  5.82
  6.85
  8.26
 10.27
 13.24
 18.17
 25.94
 34.01
 42.21
 52   
 59.09
 66.11
 72.6 
 80.63
 85.76
 90   
 93.23
 95.4 
 96.89
 97.31
 97.12
 94.52
 89.49
 79.85
 45.05
 19.83
 12.7 
 10.16
  8.49
  6.51
  4.88
  4.36
  4.07
  3.78
  5.01
  4.7 
  3.77
  4.37
  4.27
  3.53
  4.14
  4.08
  3.43
  2.91
  2.93
  2.95
  4.22
  4.41
  4.73
  5.15
  5.69
  6.33
  7.08
  6.58
  6.06
  9.44
 11.37
 13.83
 16.95
 22.87
 31.94
 40.14
 48.78
 55.34
 63.64
 68.94
 75.54
 79.18
 83.39
 84.39
 85.74
 88.34
 91.21
 91.41
 92.94
 93.51
 94.01
 78.39
 34.51
 13.39
  9.28
  7.36
  6.15
  5.31
  4.69
  4.23
  3.63
  3.57
  3   
  3.17
  2.71
  2.92
  2.53
  2.75
  2.42
  2.64
  2.33
  2.56
  2.54
  2.53
  2.55
  2.42
  2.71
  2.84
  3.02
  3.27
  3.3 
  0   
  0   
