  0   
  0   
  0   
  0   
  0   
  0   
  0   
  0   
  0   
  0   
  0   
  0   
  0   
  0   
  0.05
  0.05
  0.16
  0.37
  0.79
  1.2 
  1.62
  2.04
  2.46
  2.88
  3.3 
  3.72
  4.13
  4.4 
  4.4 
  4.4 
  4.4 
  4.4 
  4.4 
  4.4 
  4.4 
  4.4 
  4.4 
  4.4 
  4.4 
  4.4 
  4.4 
  4.4 
  4.4 
  4.4 
  4.4 
  4.4 
  4.4 
  4.4 
  4.4 
  4.4 
  4.4 
  4.4 
  4.4 
  4.43
  4.47
  4.53
  4.62
  4.72
  4.85
  5   
  5.17
  5.37
  5.59
  5.82
  6.03
  6.23
  6.4 
  6.56
  6.69
  6.8 
  6.89
  6.95
  6.98
  6.99
  6.99
  6.99
  6.99
  6.99
  6.99
  6.99
  6.99
  7.03
  7.11
  7.24
  7.43
  7.67
  7.98
  8.36
  8.75
  9.34
  9.73
 10.08
 10.39
 10.65
 10.86
 11.01
 11.09
 11.11
 11.12
 11.15
 11.22
 11.31
 11.58
 12.87
 13.13
 12.59
 13.14
 14.8 
 16.52
 16.86
 16.36
 15.28
 12.96
 10.09
  7.84
  6.67
  6.9 
  8.34
 10.17
 11.22
 11.17
 11.01
 11.16
 11.48
 12.09
 12.55
 12.17
 11.3 
  9.95
  8.84
  8.2 
  8.03
  8.67
 10   
 12.04
 14.23
 15.59
 16.02
 16.08
 16.06
 15.88
 15.07
 13.08
 10.65
  8.93
  8.1 
  8.1 
  8.69
  9.58
 10.85
 11.88
 12.43
 12.4 
 11.7 
 11.24
 11.07
 11.05
 11.26
 10.71
  8.76
  6.94
  6.68
  7.62
  9.41
 11.81
 14.26
 15.98
 16.61
 16.85
 15.87
 13.87
 12.69
 12.76
 13.18
 12.25
  9.47
  5.44
  2.67
  2.87
  5.94
  8.61
 11.62
 12.67
 11.51
 11.33
 12.32
 13.59
 14.88
 15.9 
 15.86
 14.41
 12.53
 10.53
  8.37
  7.35
  7.56
  9.04
 11.25
 12.48
 12.5 
 12.77
 13.41
 14.53
 15.83
 16.96
 16.67
 15.01
 12.6 
 10.48
  9.24
  8.91
  9.48
 11.09
 13.57
 16.27
 18.17
 18.25
 17.99
 18.07
 18.28
 17.57
 14.97
 12.1 
  9.86
  8.97
  9.07
  9.96
 11.6 
 13.83
 15.94
 17   
 16.62
 15.13
 13.92
 12.96
 12.6 
 12.46
 11.94
  9.7 
  7.67
  7.3 
  8.13
  9.81
 11.87
 13.53
 15.22
 16.06
 15.52
 14.21
 12.91
 11.68
 11.27
 12.08
 12.43
  9.56
  5.6 
  3.12
  2.85
  6.04
  8.75
 11.77
 12.7 
 11.71
 11.27
 11.87
 12.57
 13.17
 13.47
 13.83
 13.74
 11.98
 10.09
  8.38
  7.35
  7.52
  9.05
 11.44
 13.27
 14.25
 14.98
 16.36
 17.77
 19.11
 20.53
 19.91
 17.81
 14.43
 11.8 
 10.69
 10.21
 11.06
 12.91
 15.57
 18.73
 20.59
 21.5 
 21.43
 21.45
 21.36
 20.07
 17.53
 14.05
 11.66
 10.37
 10.34
 11.36
 13.02
 15.94
 18.91
 20.33
 20.29
 18.43
 17.2 
 15.74
 14.53
 13.8 
 12.25
  9.67
  7.64
  7.3 
  8.13
  9.54
 11.28
 13.03
 14.05
 13.64
 13.3 
 12.88
 12.13
 11.48
 11.38
 12.29
 12.46
  9.65
  5.76
  2.75
  3.05
  5.83
  7.94
 10.28
 10.63
  9.58
  9.39
 10.09
 11.12
 12.12
 12.87
 12.82
 12.19
 11.28
 10.18
  8.55
  7.72
  7.89
  9.37
 12.07
 13.95
 14.68
 15.72
 16.94
 18.52
 19.59
 20.1 
 18.72
 16.08
 13   
 10.72
  9.46
  9.21
  9.81
 11.27
 13.38
 15.27
 16.38
 16.14
 15.95
 16   
 16.25
 16.02
 14.33
 12.15
 10.19
  9.29
  9.3 
 10.17
 11.88
 14.41
 17.33
 19.47
 20.14
 19.21
 17.97
 16.33
 15.21
 14.25
 13.06
 10.27
  8.04
  7.67
  8.35
  9.63
 11.03
 11.8 
 12.58
 12.93
 12.52
 11.51
 10.44
  9.55
  9.38
 10.22
 10.67
  8.6 
  5.49
  3.22
  2.79
  5.71
  7.88
  9.94
 10.34
  9.63
  9.36
  9.83
 10.3 
 10.74
 11.01
 11.19
 11.37
 10.84
  9.61
  8.27
  7.43
  7.57
  8.95
 11.09
 12.73
 13.46
 13.84
 14.52
 14.92
 15.21
 15.2 
 13.94
 12.41
 10.72
  9.46
  8.86
  8.72
  9.4 
 10.54
 11.71
 12.6 
 12.88
 13.08
 13.06
 13.07
 13   
 12.72
 12.16
 10.97
  9.72
  8.85
  8.75
  9.29
 10.24
 11.77
 13.33
 14.63
 15.42
 15.07
 14.75
 14.22
 13.59
 13.13
 11.88
  9.54
  7.7 
  7.39
  8.09
  9.29
 10.48
 11.28
 11.35
 11.05
 10.85
 10.48
  9.99
  9.51
  9.43
 10.12
 10.26
  8.32
  5.35
  2.77
  2.97
  5.79
  7.69
  9.44
  9.54
  8.77
  8.66
  9.29
  9.91
 10.4 
 10.69
 10.75
 10.62
 10.16
  9.32
  8.17
  7.51
  7.65
  8.79
 10.63
 11.83
 11.97
 11.93
 11.97
 12.11
 12.19
 12.11
 11.43
 10.22
  9   
  7.93
  7.46
  7.57
  8.07
  8.99
  9.87
 10.37
 10.62
 10.6 
 10.63
 10.61
 10.6 
 10.5 
 10.03
  9.25
  8.22
  7.6 
  7.45
  7.83
  8.72
  9.82
 11.01
 11.92
 12.25
 12.13
 12.04
 11.93
 11.95
 11.91
 11.25
  9.28
  7.72
  7.48
  8.04
  9.03
  9.98
 10.45
 10.75
 10.71
 10.54
 10.09
  9.47
  8.81
  8.66
  9.32
  9.62
  8.17
  5.41
  3.2 
  2.83
  5.91
  7.89
  9.67
 10.11
  9.64
  9.31
  9.67
  9.97
  9.96
 10.04
 10.39
 10.52
  9.7 
  8.66
  7.65
  6.96
  7.14
  8.18
  9.63
 10.67
 11.12
 11.25
 11.43
 11.63
 11.44
 10.9 
 10.14
  9.27
  8.29
  7.69
  7.47
  7.67
  8.27
  8.94
  9.55
  9.92
  9.94
  9.87
  9.76
  9.82
  9.94
  9.93
  9.7 
  9.08
  8.4 
  7.74
  7.46
  7.66
  8.15
  9.02
  9.89
 10.67
 11.27
 11.6 
 11.56
 11.29
 11.17
 10.87
 10.03
  8.54
  7.2 
  6.95
  7.53
  8.45
  9.43
 10.29
 10.58
 10.13
  9.96
  9.98
  9.81
  9.41
  9.45
 10.01
  9.91
  8.3 
  5.68
  2.93
  3.23
  6.15
  7.92
  9.41
  9.81
  9.55
  9.33
  9.76
 10.49
 11.06
 11.33
 11.3 
 10.89
 10.11
  8.92
  7.76
  7.3 
  7.63
  8.68
  9.99
 10.68
 10.86
 10.86
 11.02
 11.23
 11.24
 10.85
 10.15
  9.16
  8.16
  7.46
  7.13
  7.3 
  7.8 
  8.54
  9.32
  9.77
  9.82
  9.66
  9.61
  9.64
  9.76
  9.83
  9.47
  8.75
  7.9 
  7.34
  7.12
  7.4 
  8.04
  8.9 
  9.85
 10.65
 11.14
 11.29
 11.1 
 10.9 
 10.85
 10.77
 10.26
  9.05
  7.72
  7.3 
  7.68
  8.65
  9.82
 10.66
 11.19
 11.35
 11.2 
 10.72
  9.99
  9.38
  9.41
  9.76
  9.61
  8.33
  5.98
  3.57
  3.09
  6.46
  8.19
  9.8 
 10.49
 10.36
 10.27
 11.09
 11.72
 11.72
 11.52
 11.44
 11.3 
 10.31
  9.13
  7.84
  7.12
  7.31
  8.31
  9.58
 10.33
 10.73
 11.01
 11.2 
 11.44
 11.4 
 11.11
 10.43
  9.48
  8.49
  7.8 
  7.55
  7.69
  8.26
  9.02
  9.63
  9.88
  9.79
  9.7 
  9.62
  9.67
  9.77
  9.86
  9.76
  9.2 
  8.42
  7.74
  7.53
  7.74
  8.31
  9.22
 10.15
 10.9 
 11.35
 11.44
 11.33
 11.05
 10.87
 10.47
  9.83
  8.62
  7.36
  7.11
  7.67
  8.8 
 10.01
 10.97
 11.51
 11.44
 11.65
 11.75
 11.45
 10.55
 10.18
 10.52
 10.1 
  8.61
  6.4 
  3.3 
  3.59
  6.77
  8.41
  9.99
 10.85
 11.15
 11.23
 11.69
 12.64
 13.37
 13.71
 13.65
 12.88
 11.37
  9.57
  8.16
  7.64
  7.94
  8.94
 10.14
 10.56
 10.69
 10.89
 11.41
 11.93
 12.17
 11.95
 11.18
 10.03
  8.92
  8.08
  7.61
  7.66
  8.04
  8.8 
  9.64
 10.07
 10.17
  9.99
  9.89
  9.95
 10.11
 10.16
  9.79
  9   
  8.14
  7.69
  7.6 
  7.96
  8.7 
  9.68
 10.79
 11.73
 12.14
 12.09
 11.62
 11.08
 10.72
 10.6 
 10.32
  9.33
  8.06
  7.62
  8.03
  9.15
 10.73
 12.32
 13.38
 13.76
 13.57
 13.02
 12.13
 11.34
 11.13
 11.03
 10.33
  8.8 
  6.79
  4.04
  3.38
  7.11
  8.96
 10.84
 12   
 12.2 
 12.02
 13.05
 14.21
 14.84
 15   
 14.95
 14.24
 12.03
 10.25
  8.81
  8.02
  8.19
  9.21
 10.4 
 10.82
 10.84
 10.96
 11.31
 11.88
 12.23
 12.15
 11.54
 10.73
  9.68
  8.66
  8.1 
  8.04
  8.45
  9.04
  9.74
 10.28
 10.43
 10.34
 10.31
 10.32
 10.39
 10.37
  9.94
  9.2 
  8.56
  8.09
  8.05
  8.49
  9.36
 10.4 
 11.29
 11.93
 12.29
 12.08
 11.55
 11.05
 10.87
 10.82
 10.63
  9.66
  8.33
  7.97
  8.56
  9.76
 11.33
 13.16
 14.92
 14.98
 14.94
 14.61
 13.65
 12.45
 11.96
 12.25
 11.37
  9.5 
  7.26
  3.52
  3.85
  7.22
  9.19
 11.23
 12.14
 12.38
 12.72
 13.78
 15.31
 16.61
 17.05
 16.58
 14.71
 12.42
 10.34
  8.88
  8.23
  8.55
  9.67
 10.81
 10.97
 10.7 
 10.61
 11   
 11.52
 12.1 
 12.32
 11.87
 10.95
  9.74
  8.65
  7.96
  7.91
  8.28
  9.11
 10   
 10.46
 10.71
 10.73
 10.71
 10.72
 10.73
 10.59
 10.16
  9.39
  8.42
  7.94
  7.93
  8.45
  9.42
 10.5 
 11.59
 12.18
 12.26
 11.78
 11.18
 10.72
 10.61
 10.87
 10.95
 10.13
  8.75
  8.21
  8.66
  9.82
 11.58
 13.67
 15.75
 16.95
 16.95
 16.07
 14.48
 13.1 
 12.45
 12.25
 11.71
  9.97
  7.35
  4.14
  3.38
  7.36
  9.73
 12.2 
 13.31
 13.22
 13.17
 14.52
 16.07
 17.04
 17.27
 17.8 
 17.04
 14.08
 11.64
  9.56
  8.47
  8.56
  9.75
 11.14
 11.58
 11.31
 10.85
 10.85
 11.27
 11.59
 11.93
 11.88
 11.27
 10.28
  9.27
  8.66
  8.45
  8.85
  9.63
 10.46
 11.18
 11.42
 11.43
 11.4 
 11.41
 11.43
 11.3 
 10.76
  9.88
  9.04
  8.49
  8.56
  9.1 
  9.9 
 10.94
 11.73
 11.97
 11.77
 11.37
 11.04
 10.77
 11.09
 11.53
 11.41
 10.29
  8.74
  8.39
  9.18
 10.82
 12.88
 15.44
 17.76
 17.64
 17.09
 16.75
 15.38
 13.75
 13.01
 13.35
 12.85
 10.64
  7.61
  3.42
  3.55
  6.75
  9.07
 11.94
 13   
 12.66
 12.84
 14.06
 15.78
 16.91
 17.72
 17.51
 15.68
 13.35
 10.88
  8.95
  8.04
  8.32
  9.58
 10.99
 11.38
 10.99
 10.6 
 10.58
 10.86
 11.33
 11.74
 11.74
 11.22
 10.06
  9.04
  8.42
  8.38
  8.77
  9.66
 10.66
 11.29
 11.72
 11.78
 11.8 
 11.79
 11.75
 11.53
 10.9 
 10.01
  8.98
  8.41
  8.38
  8.85
  9.73
 10.83
 11.64
 11.78
 11.55
 11.02
 10.65
 10.54
 10.81
 11.26
 11.25
 10.12
  8.54
  8   
  8.66
 10.15
 12.22
 14.57
 16.63
 17.82
 17.46
 16.4 
 15.02
 13.32
 12.59
 12.82
 12.62
 10.15
  6.7 
  3.64
  3.16
  6.88
  9.89
 13.23
 13.85
 12.44
 12.1 
 13.09
 14.46
 16.15
 18.02
 19.44
 18.18
 14.94
 11.91
  9.13
  7.91
  8.06
  9.35
 11.16
 12.02
 11.94
 11.45
 11.37
 11.5 
 11.66
 11.99
 11.97
 11.55
 10.73
  9.9 
  9.33
  9.22
  9.79
 10.92
 12.18
 13.32
 13.81
 13.79
 13.65
 13.7 
 13.82
 13.62
 12.75
 11.37
 10.11
  9.31
  9.24
  9.7 
 10.42
 11.27
 11.85
 12.03
 11.82
 11.52
 11.43
 11.39
 11.7 
 12.08
 11.57
  9.99
  8.24
  7.85
  8.7 
 10.73
 13.56
 16.37
 18.99
 19.19
 17.15
 15.33
 13.69
 12.44
 12.08
 13.07
 13.92
 11.37
  7.04
  2.97
  2.97
  5.64
  8.15
 11.05
 12.06
 10.99
 10.89
 11.98
 13.71
 15.24
 16.76
 17.41
 16.37
 14.2 
 11.47
  9.07
  7.76
  7.88
  9.2 
 11.02
 12.05
 11.94
 11.56
 11.42
 11.57
 11.66
 11.81
 11.82
 11.52
 10.84
  9.94
  9.3 
  9.23
  9.76
 11.01
 12.41
 13.43
 14.06
 14.04
 14.09
 14.07
 14.03
 13.84
 12.86
 11.57
 10.12
  9.28
  9.23
  9.71
 10.52
 11.31
 11.76
 11.84
 11.73
 11.59
 11.49
 11.44
 11.76
 12.06
 11.56
  9.76
  8.04
  7.68
  8.66
 10.56
 12.96
 15.42
 17   
 17.34
 16.12
 14.41
 12.75
 11.19
 10.78
 11.53
 11.79
  8.8 
  5.32
  2.97
  2.84
  6.04
  9.07
 12.91
 13.24
 11.16
 10.74
 11.89
 13.34
 15.26
 16.88
 17.9 
 17.77
 15.69
 12.56
  9.22
  7.82
  7.97
  9.3 
 11.56
 13.33
 13.72
 13.53
 13.81
 14.34
 14.5 
 14.4 
 13.93
 13.17
 12.39
 11.53
 10.92
 10.74
 11.43
 12.75
 14.51
 16.14
 16.5 
 16.42
 16.37
 16.38
 16.46
 16.4 
 15.54
 13.53
 11.94
 10.92
 10.74
 11.26
 12   
 12.88
 13.58
 14.23
 14.5 
 14.46
 14.13
 13.61
 13.58
 13.63
 12.5 
  9.95
  8.08
  7.76
  8.77
 11.08
 14.24
 16.84
 18.07
 17.57
 16.14
 14.28
 12.46
 11.12
 10.77
 12.21
 13.54
 10.47
  5.63
  2.72
  2.84
  5.83
  9.2 
 13.95
 14.98
 11.76
 11.27
 12.19
 13.48
 14.37
 15.45
 16.01
 15.77
 14.55
 12.07
  9.41
  7.87
  7.94
  9.48
 12.1 
 14.43
 15.2 
 15.38
 15.71
 16.33
 16.5 
 16.35
 15.71
 14.59
 13.4 
 12.41
 11.45
 11.25
 11.76
 13.03
 14.91
 16.66
 17.63
 18.05
 18.24
 18.19
 17.91
 17.25
 15.88
 13.86
 12.21
 11.38
 11.28
 11.91
 12.96
 13.97
 15.15
 16.07
 16.48
 16.46
 16.1 
 15.48
 15.3 
 14.9 
 13.35
 10.32
  8.13
  7.79
  8.9 
 10.97
 13.51
 15.33
 15.96
 15.85
 14.97
 13.84
 12.85
 11.55
 11.36
 13.09
 15.34
 11.05
  5.36
  2.8 
  2.78
  6.06
  9.66
 15.18
 16.22
 12.65
 11.49
 12.37
 13.2 
 14.12
 14.99
 15.28
 15.48
 14.53
 12.25
  9.33
  7.78
  7.82
  9.25
 11.6 
 14.05
 15.5 
 16.57
 17.6 
 18.58
 18.86
 18.33
 16.66
 14.81
 13.17
 11.87
 11.25
 10.93
 11.33
 12.4 
 14.06
 15.66
 16.52
 16.68
 16.62
 16.64
 16.65
 16.24
 14.93
 13.14
 11.69
 10.99
 11.05
 11.6 
 12.49
 14   
 15.65
 17.46
 18.73
 18.81
 18.26
 17.11
 16.1 
 14.79
 12.78
  9.95
  7.94
  7.69
  8.85
 10.97
 13.65
 15.2 
 15.5 
 15.12
 14.67
 13.62
 12.74
 11.82
 11.8 
 14.32
 16.73
 11.96
  5.76
  2.68
  2.66
  5.08
  7.24
  9.56
  9.91
  9.06
  9.12
 10.01
 11.22
 12.36
 13.24
 13.15
 12.44
 11.43
  9.58
  7.55
  6.44
  6.34
  7.15
  8.65
  9.98
 10.9 
 11.63
 12.43
 13.36
 14   
 13.95
 12.84
 11.37
 10   
  9.04
  8.29
  8.08
  8.36
  9.06
 10.09
 11.11
 11.86
 12   
 12.07
 12.04
 11.92
 11.48
 10.42
  9.33
  8.48
  8.09
  8.23
  8.84
  9.72
 10.83
 12.25
 13.52
 14.11
 13.71
 12.87
 11.9 
 11.15
 10.3 
  8.99
  7.32
  6.33
  6.45
  7.38
  9.02
 10.88
 12.11
 12.85
 13.29
 12.85
 11.68
 10.47
  9.32
  8.99
  9.6 
  9.92
  7.63
  4.58
  2.54
  2.45
  4.48
  5.97
  7.14
  7.42
  7.21
  7.31
  7.98
  8.89
  9.76
 10.39
 10.56
 10.28
  9.5 
  8.24
  6.75
  5.85
  5.71
  6.28
  7.21
  7.93
  8.36
  8.76
  9.17
  9.63
  9.92
  9.74
  9.11
  8.31
  7.46
  6.89
  6.49
  6.36
  6.55
  6.94
  7.45
  7.91
  8.19
  8.28
  8.31
  8.29
  8.21
  7.97
  7.51
  6.98
  6.56
  6.36
  6.5 
  6.86
  7.38
  8.16
  8.95
  9.6 
  9.94
  9.76
  9.3 
  8.84
  8.45
  8   
  7.28
  6.25
  5.68
  5.89
  6.72
  7.99
  9.26
 10.08
 10.53
 10.49
 10.02
  9.09
  8.13
  7.35
  7.2 
  7.41
  7.2 
  5.75
  4.04
  2.47
  2.67
  4.85
  6.33
  7.7 
  8.23
  7.96
  7.66
  7.82
  8.15
  8.62
  9.25
  9.64
  9.61
  9.08
  8.03
  6.77
  6.02
  5.88
  6.31
  7.03
  7.49
  7.77
  8.03
  8.38
  8.78
  8.96
  8.85
  8.43
  7.81
  7.18
  6.64
  6.32
  6.31
  6.51
  6.92
  7.44
  7.82
  8.06
  8.15
  8.17
  8.16
  8.07
  7.87
  7.48
  6.95
  6.5 
  6.31
  6.33
  6.64
  7.16
  7.7 
  8.32
  8.78
  8.97
  8.83
  8.48
  8.08
  7.79
  7.52
  7.06
  6.31
  5.86
  6.04
  6.71
  7.83
  8.9 
  9.5 
  9.69
  9.39
  8.76
  8.19
  7.87
  7.66
  7.88
  8.21
  7.84
  6.34
  4.41
  2.66
  2.69
  5.36
  7.16
  9.02
  9.85
  9.87
  9.36
  9.1 
  8.97
  8.8 
  8.78
  8.88
  9.13
  9.16
  8.53
  7.47
  6.64
  6.6 
  7.23
  8.1 
  8.54
  8.65
  8.68
  8.72
  8.99
  9.27
  9.21
  8.81
  8.13
  7.38
  6.84
  6.57
  6.62
  6.91
  7.41
  7.95
  8.33
  8.55
  8.66
  8.74
  8.69
  8.57
  8.38
  8.03
  7.5 
  6.92
  6.62
  6.57
  6.83
  7.33
  7.99
  8.68
  9.13
  9.29
  9.08
  8.77
  8.67
  8.67
  8.56
  8.22
  7.32
  6.6 
  6.65
  7.33
  8.35
  9.08
  9.21
  8.96
  8.78
  8.8 
  8.9 
  9.08
  9.27
  9.69
  9.94
  9.32
  7.48
  4.95
  2.85
  3.47
  6.72
  8.24
  9.41
 10.43
 11.36
 11.64
 12.17
 12.53
 12.17
 11.7 
 10.89
 10.38
 10.25
  9.58
  8.58
  8.06
  8.1 
  8.76
  9.84
 10.59
 11.07
 11.28
 11.41
 11.48
 11.51
 11.18
 10.47
  9.44
  8.31
  7.53
  7.26
  7.39
  7.79
  8.57
  9.52
 10.23
 10.75
 11.04
 11.12
 11.09
 10.89
 10.42
  9.75
  8.81
  7.91
  7.41
  7.26
  7.48
  8.15
  9.17
 10.2 
 10.94
 11.45
 11.52
 11.43
 11.35
 11.16
 10.8 
 10.08
  9.04
  8.14
  8.03
  8.44
  9.28
 10.11
 10.38
 10.64
 11.41
 12.03
 12.36
 12.45
 11.82
 11.43
 10.85
  9.66
  8.49
  6.7 
  3.75
  3.63
  7.38
  8.38
  9.88
 11.86
 13.9 
 14.31
 14.52
 15.4 
 15.67
 14.96
 13.39
 11.55
 10.2 
  9.51
  8.89
  8.54
  8.83
  9.85
 11.26
 12.17
 12.78
 13.25
 13.38
 13.46
 13.34
 12.76
 11.89
 10.48
  9.17
  8.28
  7.7 
  7.77
  8.38
  9.43
 10.64
 11.76
 12.73
 13.15
 13.29
 13.23
 12.94
 12.24
 11.07
  9.8 
  8.58
  7.83
  7.68
  8.12
  8.97
 10   
 11.41
 12.47
 13.1 
 13.47
 13.42
 13.32
 13.06
 12.43
 11.65
 10.38
  9   
  8.54
  8.76
  9.34
 10.01
 10.95
 12.57
 14.26
 15.47
 15.65
 15.03
 14.28
 14.18
 12.98
 10.47
  8.7 
  7.46
  4.3 
  5.29
  8.4 
  7.95
  8.65
 10.58
 12.85
 13.98
 16.54
 19.63
 21.65
 21.78
 18.38
 14.78
 11.56
  9.61
  8.71
  8.6 
  9.21
 10.22
 11.55
 12.64
 14.01
 15.49
 16.54
 16.96
 16.57
 15.54
 13.65
 11.61
  9.77
  8.5 
  7.92
  8   
  8.74
  9.93
 11.51
 13.05
 14.33
 15.09
 15.54
 15.41
 14.75
 13.69
 12.18
 10.43
  8.97
  8.08
  7.89
  8.37
  9.32
 10.92
 12.78
 14.61
 16.19
 16.78
 16.88
 16.09
 14.74
 13.22
 11.95
 10.75
  9.44
  8.69
  8.61
  9.27
 10.73
 13.22
 16.51
 19.71
 22.1 
 21.09
 18.5 
 15.23
 13.18
 11.63
  9.01
  7.97
  8.26
  7   
  8.84
 11.79
  8.52
  8.94
 11.12
 14.03
 15.31
 16.1 
 19.16
 21.75
 23.96
 22.61
 17.8 
 13.17
  9.89
  8.51
  8.53
  9.36
 10.57
 11.87
 13.12
 14.73
 16.14
 17.28
 18.33
 19.06
 17.94
 15.48
 12.57
 10.27
  8.85
  8.1 
  8.24
  9.09
 10.52
 12.25
 13.75
 14.95
 15.97
 16.51
 16.35
 15.51
 14.37
 12.93
 11.23
  9.41
  8.35
  8.07
  8.59
  9.78
 11.45
 14.07
 16.6 
 18.61
 18.98
 17.84
 16.78
 15.51
 13.88
 12.38
 11.04
  9.68
  8.7 
  8.44
  9.35
 11.61
 15.26
 19.69
 23.16
 23.86
 21.02
 17.93
 15.35
 14.82
 12.46
  9.34
  8.46
 10.04
  9.39
  9.56
  8.77
  7.35
  8.63
 11.7 
 14.24
 14.68
 17.01
 21   
 24.81
 27.69
 27.43
 23.2 
 15.46
 11.08
  8.54
  8.13
  9.02
 10.44
 11.8 
 12.91
 14.7 
 16.68
 18.6 
 20.04
 19.79
 18.2 
 15.32
 12.59
 10.17
  8.75
  8.06
  8.05
  8.78
 10.19
 11.98
 13.68
 15.2 
 16.45
 16.91
 16.76
 15.94
 14.42
 12.76
 10.74
  9.1 
  8.12
  8   
  8.53
  9.65
 11.45
 13.98
 16.57
 19.04
 20.05
 19.67
 17.87
 15.72
 13.74
 12.21
 10.97
  9.39
  8.26
  8.31
  9.97
 13.22
 17.95
 24.02
 27.14
 27.86
 24.57
 19.55
 15.7 
 14.24
 13.15
  9.3 
  7.36
  8.21
  7.87
  9.3 
 10.96
  8.35
  9.06
 10.84
 12.49
 13.02
 13.91
 16.67
 19.9 
 24.03
 24.69
 20.89
 16.31
 11.32
  8.64
  8.06
  8.88
 10.29
 11.85
 13   
 14.23
 15.37
 16.79
 17.92
 17.92
 17.18
 15.19
 12.69
 10.52
  9.03
  8.29
  8.38
  9.18
 10.77
 12.71
 14.44
 15.91
 17.34
 18.85
 18.47
 16.62
 15.26
 13.52
 11.45
  9.59
  8.49
  8.26
  8.76
 10   
 11.73
 14.01
 16.27
 17.69
 17.98
 17.6 
 16.13
 14.74
 13.58
 12.36
 10.94
  9.21
  8.15
  8.35
 10.08
 13.76
 18.48
 21.84
 24.86
 23.68
 18.15
 15.42
 13.16
 12.76
 11.62
  9.56
  8.38
  9.59
  7.89
  5.73
  6.94
  7.59
  9.96
 12.61
 12.69
 12.84
 14.37
 16.2 
 18.21
 20.25
 20.94
 19.83
 16.17
 12.24
  8.79
  7.42
  7.88
  9.34
 10.94
 12.12
 13.26
 14.7 
 16.07
 17.41
 17.56
 16.73
 14.84
 12.51
 10.4 
  8.9 
  8.24
  8.31
  9.11
 10.57
 12.51
 14.77
 16.66
 18.12
 18.57
 18.44
 17.65
 15.87
 13.6 
 11.27
  9.43
  8.41
  8.19
  8.68
  9.83
 11.68
 13.72
 15.86
 17.29
 17.61
 16.94
 15.37
 13.95
 12.54
 11.39
  9.82
  8.1 
  7.41
  8.32
 10.77
 14.27
 17.8 
 20.59
 20.86
 19.62
 17.27
 15.27
 13.54
 12.51
 12.74
 11.3 
  7.91
  6.93
  4.6 
  3.83
  6.73
  7.74
 10.05
 10.9 
  9.73
  9.88
 11.11
 13.47
 15.83
 17.38
 18.09
 16.8 
 14.93
 11.75
  9.03
  7.8 
  7.98
  9.3 
 11.12
 12.17
 12.44
 13.05
 14.02
 15.02
 15.26
 15.09
 14.03
 12.05
 10.48
  9.17
  8.54
  8.6 
  9.2 
 10.45
 12.19
 13.91
 15.3 
 16.41
 17.05
 16.86
 15.91
 14.62
 13.01
 11.09
  9.48
  8.66
  8.52
  8.91
  9.97
 11.48
 13.05
 14.74
 15.25
 15.18
 14.6 
 13.45
 12.65
 12.26
 11.71
  9.93
  8.12
  7.74
  8.68
 10.75
 13.56
 15.98
 17.38
 18.09
 16.77
 14.73
 12.05
 10.09
  9.68
 10.34
 10.75
  8.25
  6.72
  3.39
  3.03
  5.46
  7.79
 10.96
 11.9 
  9.73
  9.21
 10.17
 11.82
 13.2 
 14.13
 15.18
 15.04
 13.81
 11.57
  9.16
  7.4 
  7.18
  8.18
  9.9 
 11.37
 11.86
 12.19
 12.95
 13.89
 14.33
 14.32
 13.28
 11.69
 10.07
  8.91
  8.3 
  8.21
  8.82
 10   
 11.94
 14.27
 16.03
 17.01
 17.46
 17.35
 16.66
 15.3 
 12.94
 10.6 
  9.07
  8.27
  8.2 
  8.74
  9.65
 11.03
 12.64
 13.88
 14.48
 14.13
 13.49
 12.46
 11.93
 11.61
 10.48
  8.55
  7.21
  7.31
  8.59
 10.76
 12.89
 14.63
 15.23
 14.79
 13.58
 12.45
 10.71
  9.35
  9.42
 10.89
 11.97
  8.4 
  5.09
  2.64
  2.42
  4.86
  7.54
 10.92
 10.89
  7.76
  8.11
  9.6 
 11.55
 13.86
 15.31
 15.86
 14.31
 13.57
 12.16
  9.73
  8.01
  7.49
  8.55
 10.56
 12.1 
 11.85
 11.81
 12.45
 13.64
 14.56
 14.46
 13.49
 12   
 10.62
  9.51
  8.89
  8.77
  9.13
 10.19
 11.77
 13.41
 14.5 
 14.91
 15.25
 15.13
 14.69
 14.07
 12.52
 10.75
  9.34
  8.79
  8.83
  9.27
 10.19
 11.48
 12.84
 14.1 
 14.62
 14.17
 12.95
 12   
 11.74
 12.01
 11.44
  8.98
  7.54
  7.83
  9.17
 11.16
 13.24
 13.96
 14.94
 15.97
 14.59
 12.62
 10.09
  8.41
  7.71
  9.39
 11.73
  8.22
  4.25
  2.15
  2.42
  5.94
 11.08
 19.39
 16.16
 11.4 
 11.43
 11.98
 13.09
 13.64
 13.72
 14.16
 14.09
 13.62
 12.28
 10.67
  8.56
  7.94
  9.7 
 13.28
 16.28
 16.1 
 15.06
 15.47
 16.77
 17.26
 17.6 
 16.69
 15.54
 13.45
 11.81
 10.98
 10.68
 11.31
 12.82
 15.49
 18.78
 20.97
 21.35
 21.28
 21.3 
 21.33
 20.58
 17.48
 14.03
 11.83
 10.82
 10.76
 11.47
 12.58
 14.5 
 16.29
 17.05
 17.66
 17   
 16.33
 15.11
 15.36
 16.39
 15.13
 10.83
  8.06
  8.27
  9.91
 11.82
 12.96
 14.02
 14.14
 14.01
 13.6 
 13.46
 12.51
 11.55
 11.38
 12.83
 18.25
 16.53
  5.06
  2.19
  2.83
  9.46
 24.57
 33.67
 33.88
 20.76
 15.4 
 14.61
 13.44
 11.18
 10.1 
  9.74
  9.59
 10.3 
 10.71
  9.8 
  8.7 
  8.67
 11.06
 16.73
 22.61
 21.19
 18.29
 17.82
 16.51
 15.94
 15.07
 14.3 
 13.29
 12.13
 11.34
 10.67
 10.68
 10.98
 11.83
 13.54
 14.98
 15.11
 14.89
 14.8 
 14.83
 14.99
 15.11
 14.41
 12.49
 11.19
 10.75
 10.65
 11   
 11.85
 12.7 
 13.85
 14.7 
 15.46
 16.25
 16.97
 18.2 
 18.98
 21.99
 21.84
 13.26
  8.94
  8.51
  9.49
 10.47
 10.59
  9.77
  9.6 
 10.03
 10.67
 12.34
 14.26
 15   
 16.85
 23.37
 30.23
 35.41
 19.49
  2.33
  2.55
  7.12
 17.25
 27.19
 19.62
  9.93
  8.3 
  7.87
  7.4 
  7.14
  7.09
  7.52
  8.23
  8.71
  8.71
  7.76
  6.58
  6.32
  7.5 
  9.41
 10.28
  9.72
  9.36
  9.72
  9.91
  9.86
  9.52
  8.68
  8.12
  7.68
  7.36
  7.06
  6.81
  6.88
  7.2 
  7.68
  8.15
  8.4 
  8.45
  8.38
  8.42
  8.42
  8.2 
  7.76
  7.23
  6.89
  6.81
  7.04
  7.34
  7.64
  8.05
  8.57
  9.24
  9.87
  9.88
  9.82
  9.46
  9.5 
 10.14
  9.86
  7.73
  6.3 
  6.57
  7.57
  8.58
  8.82
  8.31
  7.65
  7.09
  7.12
  7.38
  7.77
  8.25
  9.2 
 13.19
 23.7 
 28.67
  8.07
  2.25
  2.21
  4.09
  7.2 
 10.44
  7.37
  5   
  5.12
  5.65
  6.58
  7.75
  8.36
  8.13
  7.29
  6.43
  5.51
  4.58
  4.07
  3.97
  4.37
  4.85
  5.04
  5.12
  5.44
  5.82
  6.1 
  6.3 
  6.2 
  5.88
  5.41
  5.04
  4.75
  4.53
  4.46
  4.54
  4.72
  5   
  5.24
  5.31
  5.32
  5.31
  5.32
  5.31
  5.2 
  4.94
  4.66
  4.5 
  4.46
  4.58
  4.83
  5.1 
  5.49
  5.91
  6.22
  6.29
  6.08
  5.79
  5.36
  5.09
  5.04
  4.73
  4.17
  0   
